1
182.896866,20.512190,52.004570,39.444706
182.232361,21.932659,53.318008,39.528847
182.521774,22.247484,53.004826,40.650631
182.209106,25.274986,51.730865,39.359436
182.503433,26.396656,51.341152,38.925186
181.775253,27.523029,52.484653,40.195930
180.363007,29.795811,51.411995,39.046715
179.393768,31.513985,52.116543,38.174500
179.560623,33.307274,51.588345,38.224144
178.771561,35.689266,51.267307,37.223351
176.377304,39.150101,52.282787,35.507034
175.571503,39.415150,52.872734,37.210052
175.248398,40.166283,54.095570,37.850788
175.661713,41.400036,53.184475,37.442230
176.241760,41.342197,53.847664,39.663582
175.810806,43.550697,53.343678,38.868973
176.020477,44.194519,54.285862,39.140919
173.431015,46.273895,56.177494,39.278595
174.454163,47.405956,56.003036,38.272011
173.717712,47.392822,57.053635,39.881779
174.375595,49.570343,55.965191,37.690464
173.792343,51.269222,54.574341,38.975456
174.839890,51.741997,52.326103,40.482300
174.732285,53.353477,52.884441,39.974331
173.041641,54.799911,55.364540,40.465115
173.632645,55.579815,55.009396,40.420082
174.012802,57.054573,54.765594,39.305485
173.420822,58.142200,55.669930,39.247444
173.006790,59.406437,56.397015,38.819084
172.251892,59.714821,60.012207,40.065311
172.984741,60.586166,59.278759,39.073620
172.620239,60.540688,58.896824,38.873432
172.708115,60.415146,57.856907,39.352066
171.922363,60.727684,58.139275,37.388157
171.214783,60.900238,58.246796,37.768951
172.318085,60.786179,57.466537,37.922939
173.078491,61.079651,56.542526,37.163105
173.139587,60.436554,55.976490,37.831745
173.114075,60.010048,58.041203,38.491337
173.575760,58.735859,59.456451,40.790443
173.845642,58.900421,58.823727,39.944645
173.749817,59.000504,59.056049,39.373947
175.149582,59.811211,57.020084,37.805084
175.517426,59.269455,56.716187,38.594410
176.193604,59.698669,56.173485,39.327343
177.692490,59.457466,54.797108,38.920589
179.864670,60.005882,50.917473,38.328354
179.978134,59.669678,52.011940,38.583553
181.238419,59.660652,52.320099,39.326859
181.582809,58.998600,50.942287,37.569572
182.546829,58.947762,50.646732,36.442688
184.553040,58.488594,49.701897,37.655239
184.472168,57.688652,53.379230,39.242859
186.765976,56.718338,51.766529,38.835663
187.503830,56.896568,52.243896,37.246944
190.093536,56.361671,49.423687,36.524158
191.959244,54.738918,48.420052,37.425743
193.307266,54.887123,49.783699,36.643436
192.632858,54.365948,48.920959,37.500999
195.065125,52.563347,48.433044,37.619217
195.580170,51.915722,48.979370,37.863319
197.314285,51.778481,48.288265,37.220196
199.789841,50.125046,44.317165,37.287872
199.508270,51.155289,45.481445,37.728718
201.016235,50.530281,44.695091,38.800037
200.814819,49.924713,43.849339,38.937210
201.782333,49.710724,43.692623,39.058167
201.975708,48.381413,44.370831,41.062721
202.976898,47.283211,43.968311,40.588001
201.358215,47.196335,45.630932,40.397324
200.645264,48.967022,43.900898,40.119316
204.868622,47.047516,44.174191,41.281708
203.536575,49.279861,43.920288,39.484722
205.393341,45.627121,45.634216,41.906322
206.510040,48.743019,46.064774,40.857121
207.582031,46.762280,44.608833,40.303062
208.024780,48.157360,44.072487,40.298409
208.372925,48.017601,42.970963,40.210983
208.785019,47.943920,45.427929,41.556618
210.312927,46.818748,45.741379,41.348557
210.842941,46.839073,44.067280,41.397556
212.362747,47.125374,45.594837,42.999725
212.955978,47.666351,40.937706,40.254131
211.318619,46.456177,44.615047,44.063538
213.025284,46.676552,43.504112,42.362797
216.628174,45.024612,43.516098,42.223312
218.175644,44.639030,45.273296,42.155991
220.421738,43.696201,47.993290,42.772194
221.757553,42.551193,45.419498,44.084305
221.560089,42.883209,47.577805,45.872471
223.354568,44.996021,49.102863,43.357460
221.701431,43.254814,48.591938,43.086300
221.169174,41.911156,48.468189,43.460609
221.459213,40.972996,48.104317,43.515114
214.199997,41.000000,58.599998,45.200001
220.554260,39.114983,44.913216,44.237030
218.686707,37.957458,46.114510,45.756924
220.031540,37.153027,46.172546,45.919853
217.656097,34.600586,44.982941,44.116261
217.133698,33.609650,45.041546,45.223549
217.009842,32.171028,46.465870,46.566616
212.060974,29.635990,50.462818,45.995949
213.497879,28.475536,48.087959,45.812775
210.418823,26.406090,47.916496,45.719162
207.517395,23.653194,49.513412,47.204803
207.867050,22.062645,47.282787,47.512016
209.949951,20.501638,45.739063,48.578716
207.665192,19.729557,48.564720,50.059990
204.820190,16.891613,46.940159,48.189156
205.119919,15.398766,46.507591,49.182396
204.648346,14.494646,45.982059,47.547771
206.928253,15.562893,44.459076,45.870430
207.138824,11.601053,48.090950,47.184185
205.299194,12.824598,46.688179,45.281994
206.796539,11.566835,47.840282,45.287098
207.495972,8.890312,47.199703,46.724129
206.926102,6.726194,48.027966,48.641884
197.800003,6.800000,57.400002,45.599998
208.248688,3.701035,46.673923,48.587086
208.689026,5.193972,46.684032,47.897198
208.376160,3.133083,46.238579,46.651367
208.923294,2.428358,47.884823,45.836880
209.546127,0.675406,50.565891,47.969757
213.729172,0.466328,47.384758,48.506306
216.769241,0.954613,49.036598,50.674622
205.800003,0.000000,56.200001,44.599998
216.426437,-3.103893,50.898525,48.033459
215.673111,-1.720015,51.300468,47.341068
217.188873,0.394390,49.417843,45.582489
221.663483,-4.627764,50.834061,48.251404
219.510193,-4.686050,54.614590,51.204880
221.748108,-6.865358,55.521610,51.524399
224.095856,-5.060562,52.392899,47.998634
220.600006,-1.200000,57.000000,45.599998
226.396072,-5.540678,54.743080,48.145973
224.900360,-9.012415,60.556591,50.891365
227.321426,-6.049635,58.149940,50.600170
227.752701,-9.436392,61.938015,52.417904
229.004883,-7.483976,58.738026,49.616863
228.865295,-6.885513,60.158131,49.457203
229.301910,-7.099934,60.208870,47.628613
232.022263,-7.666979,61.387859,47.797001
233.188843,-7.940289,61.795288,47.593620
233.222031,-6.830967,60.133446,45.954823
237.841888,-7.897223,59.642590,47.423977
2
0
0
0
0
1
242.037109,60.815323,22.969952,73.294952
242.501602,63.120228,21.803398,71.531700
242.163895,59.624546,22.113138,77.836479
242.552582,59.125420,20.980118,75.897293
240.199997,52.400002,23.799999,75.000000
242.159790,57.957870,21.089743,68.145294
242.185852,55.951435,19.113291,66.086082
239.399994,46.799999,23.799999,75.800003
242.583710,54.639824,19.074087,65.745056
243.644531,56.079967,18.334093,64.249062
239.600006,54.000000,23.200001,74.800003
242.771591,60.449211,20.390882,69.507919
241.098312,58.485580,17.625906,64.794189
238.467545,56.671349,18.390778,65.612930
236.721436,56.299198,18.737486,65.790092
235.103439,57.096703,17.548628,63.462612
233.711349,58.500332,17.817543,64.904549
2
0
0
0
0
1
219.185974,136.759384,35.309486,65.050819
217.161423,137.287750,36.903297,66.752571
214.667297,137.823822,39.466476,65.083694
213.486374,140.254227,39.857841,62.504070
212.413284,141.681030,40.551922,65.216843
210.782883,144.038666,41.500103,63.381233
208.814484,145.820740,44.096466,63.083019
209.533203,148.116333,41.474903,62.620163
208.125473,152.551834,42.603107,60.806007
206.993134,155.179245,42.915947,60.537132
204.217194,159.050323,44.884533,57.905762
201.587311,159.734879,47.454548,60.345943
199.252914,161.830276,48.877445,61.647472
197.638458,167.597473,45.023396,58.809521
196.004822,171.263107,48.922970,57.393318
198.399994,171.800003,37.200001,70.599998
193.772446,177.840652,49.224438,55.544518
193.474518,177.570038,48.643528,57.613033
195.402557,178.822632,51.171738,59.659599
194.426285,176.743774,52.102058,63.043465
191.780533,179.163971,50.608910,61.145203
191.006302,180.844437,48.867550,59.609619
189.592789,174.766205,56.800285,67.658119
186.337219,175.772552,55.938698,66.247078
184.633514,178.840134,52.004898,66.387917
180.354279,177.534790,52.012062,66.004982
178.151367,179.453949,52.037354,64.648972
176.112289,183.467026,50.263531,62.096806
179.199997,178.399994,41.200001,77.199997
168.209015,184.361511,53.813274,65.045486
171.185333,180.388275,56.798935,72.064621
164.417938,184.210037,55.681671,69.955910
160.059006,187.732590,52.810497,65.890343
157.950653,186.888153,57.350723,69.980949
154.397644,188.010712,54.087299,67.130661
153.711380,194.315414,51.547253,67.119835
152.762756,192.413269,57.525459,71.240440
151.109192,194.576874,54.761978,68.347740
145.974640,197.201859,55.505795,67.453308
143.454590,197.411026,57.756092,68.435059
144.172333,194.992111,58.733784,71.794991
141.681503,197.745590,56.665920,70.551933
140.444244,201.914673,57.675434,72.305244
139.044434,201.755005,57.852600,74.583115
134.653076,202.387665,57.502045,72.221428
139.779175,198.286270,57.146313,75.617004
138.192902,199.968384,55.913593,74.854874
129.415436,203.576187,57.839924,75.422661
138.725479,200.262222,58.556545,78.924171
125.487816,205.281982,56.729477,73.699791
130.783386,204.544876,58.786900,79.926491
135.974258,202.648819,58.760109,78.196442
130.913071,207.767548,57.241520,75.951279
133.119797,203.687286,62.338554,81.817772
117.528839,218.426514,51.654663,69.007370
115.236618,218.320114,54.364357,71.630775
110.173248,224.102234,52.994846,69.499207
118.790192,213.391815,61.474331,82.343407
121.163773,213.782043,62.985527,82.720932
110.256630,216.163086,59.485828,80.098511
109.116280,214.093857,61.829971,82.128357
107.484306,216.952698,61.918320,81.672913
104.898140,216.691086,58.284927,80.609108
103.530930,215.591782,59.132023,81.483009
102.052261,212.612747,64.079803,87.551971
101.534622,213.320312,60.889832,85.218002
103.792328,211.515839,62.833805,85.804710
104.770668,214.264053,59.629227,81.125946
100.151489,215.260651,59.598385,82.605286
99.242310,212.888153,61.837471,83.551422
97.519043,211.730621,61.782658,82.547890
97.410507,208.765656,63.014595,84.578110
98.146210,209.685059,60.378914,80.791054
98.333458,208.065506,63.664074,82.503090
101.303909,208.112732,62.253445,81.769913
96.466850,208.119629,62.674206,82.461632
90.060661,206.722992,63.969822,78.701851
87.363052,207.443344,62.160545,76.893402
83.086639,209.722855,64.935295,78.392914
77.876144,207.504791,64.229935,79.048210
81.252228,209.792847,60.827148,76.193130
77.441147,212.497208,61.028618,75.994690
75.764046,211.454605,61.893665,76.601448
73.839447,214.200027,59.076801,74.186668
68.585159,217.209747,59.411919,75.513893
69.293793,218.072479,61.183395,77.694656
74.730347,217.660614,58.368530,75.067703
76.607574,222.150894,58.553581,75.338837
80.800003,218.600006,45.400002,81.000000
81.159561,225.909576,52.019367,71.060318
84.489151,223.014587,50.817539,70.160080
88.030457,224.621231,51.909996,74.589447
93.948303,221.794220,49.634087,66.177628
97.255943,222.561356,49.538624,67.858376
100.630135,225.062073,49.175201,73.428764
107.226257,221.903824,44.842476,64.473854
108.059738,219.930984,47.675537,65.597137
112.711464,220.169037,47.326611,67.566917
117.467072,220.357040,45.210655,65.964867
120.000000,212.600006,40.599998,73.400002
120.824150,219.743744,43.180737,64.168030
118.597618,218.030746,45.715313,65.337250
120.497688,218.556412,43.870403,62.840656
121.406540,215.655930,43.671516,62.222935
116.339912,216.192429,42.819660,62.363529
119.541306,217.893707,43.515720,61.875851
119.130928,215.988724,43.120682,62.044979
117.867912,214.043549,41.844402,62.301609
117.654579,213.115997,39.785664,63.236732
118.216423,211.410599,40.170761,60.404202
116.677635,210.668076,38.771496,60.770020
2
0
0
0
0
1
153.482834,200.797485,75.570595,58.280212
152.261078,200.910339,76.165237,57.438690
151.170166,201.484131,79.242691,56.659855
150.827057,201.264313,80.975479,57.051338
150.170578,201.556290,83.800209,57.140324
151.745575,201.281601,84.010048,56.762024
151.103485,200.827805,88.570213,57.075134
152.808868,200.052048,90.029648,57.440487
155.239914,199.834641,90.258339,57.636169
154.831177,198.665054,93.547188,56.758095
157.319107,198.880997,91.653831,57.902569
160.335220,198.110397,92.128471,58.434334
161.074432,196.655334,93.214241,60.018482
170.851593,198.453674,85.548866,59.756214
168.723007,199.671295,90.553894,59.633896
170.720016,198.791443,92.698792,61.878975
175.404938,198.025299,89.871170,61.261135
180.235413,199.350983,85.960793,57.754978
182.329590,197.457947,85.840370,58.008820
185.018723,195.140305,83.204407,55.719440
187.848938,195.100876,81.516464,56.164150
193.298416,191.951340,77.372169,57.281170
197.871231,189.681885,74.967216,57.945572
201.721161,187.904297,73.485550,57.446663
206.499161,187.865875,69.818474,57.468903
209.800003,188.000000,69.599998,54.799999
210.422516,182.378555,73.874680,58.866085
214.842285,179.224487,73.702438,60.799107
221.140366,176.546265,73.027992,60.396683
224.855957,176.863541,72.568596,61.042538
226.460480,177.461472,75.363754,58.393452
227.536743,175.969818,82.055916,62.898277
227.511612,175.090897,84.168312,62.487759
229.104858,175.257843,86.318352,58.753414
234.014099,172.877899,84.564468,61.468182
234.302887,172.059555,87.392990,61.254433
236.588257,169.871170,90.723679,62.639599
244.237518,167.912170,83.453865,63.954929
246.279572,165.535126,85.922897,64.628433
246.402069,164.709824,89.087349,63.660309
254.738754,161.619629,85.735619,63.809605
261.910980,158.751923,85.554153,63.107780
268.396179,155.845795,84.409882,63.352016
268.280060,152.628860,87.697060,62.552227
276.518616,148.377426,86.360153,61.756847
284.172974,147.264236,85.585701,60.150734
289.254913,143.985626,86.982544,60.231186
294.880859,137.200668,88.566154,61.335297
303.761169,138.334518,84.988617,58.212811
314.293121,131.339447,84.734169,58.372318
319.361755,130.967682,85.595055,58.200813
321.963684,127.799179,86.799515,60.123295
328.649567,125.277489,87.858032,61.314747
331.696411,124.167030,88.990387,61.398266
338.151337,121.563873,87.414131,60.572876
339.524353,118.049530,91.011932,63.486115
338.924957,120.328201,94.912086,62.465057
343.408630,119.587479,94.320892,63.493839
341.302551,117.228516,98.774246,67.407806
351.343353,120.295944,89.226799,63.122890
351.812164,116.416763,90.390770,65.322075
353.682220,116.263153,92.788681,66.521828
355.556610,112.865799,91.888855,67.239746
352.670166,112.410095,93.146759,68.057983
353.261749,110.690445,91.260689,70.477715
352.252991,109.554688,93.935875,71.236198
351.013031,107.226440,94.766312,72.507545
353.672028,108.227180,93.441841,68.364517
356.621979,108.495483,91.498711,67.101662
353.832520,109.322006,91.425446,68.932129
356.835602,108.247658,88.340797,68.316940
352.243591,106.664703,90.432541,72.809258
351.700623,106.720856,91.375465,69.955116
353.062103,105.883331,91.365868,68.161285
