1
335.799988,32.599998,37.799999,41.799999
333.365814,27.030046,37.039558,39.182087
334.443176,16.578144,38.612698,42.388634
337.017395,13.280865,39.619625,41.126778
341.304443,13.312811,39.630550,39.725307
346.560242,21.409029,33.891190,39.633785
352.977264,27.510881,37.240181,40.924038
357.724152,33.168739,37.691216,41.193527
360.774902,43.632423,39.209576,41.634293
369.983643,58.027737,33.734161,36.476189
367.916992,61.599072,33.555309,37.008598
367.220703,60.513878,38.009857,38.294601
367.800598,61.604752,31.292259,37.072231
357.753937,51.949799,32.326191,36.707485
345.220154,42.824188,31.821949,40.213314
338.362427,34.007607,37.218670,37.562115
329.882233,27.721693,36.486794,38.510868
325.155304,24.185228,36.628273,37.979092
318.476807,19.306185,37.174927,39.611073
318.787842,18.449068,37.692677,36.272274
321.757477,20.596275,31.245710,36.079979
322.191895,25.016287,33.717163,38.681667
324.561981,28.720036,36.990482,37.484138
329.060364,30.309973,36.266663,38.660839
332.145813,30.991301,36.783310,39.267895
336.198883,33.552139,39.485085,40.229534
338.968597,30.941893,41.560204,38.965908
335.838684,26.679714,39.401558,39.000084
338.030823,21.382231,37.324223,37.904308
342.956940,20.446104,40.124111,38.570004
353.836670,23.728575,41.108475,38.372028
365.600311,32.441444,38.701172,38.824738
379.643341,45.027397,37.231846,41.103100
392.264984,64.088417,37.030510,39.751308
393.874634,79.703888,37.433228,37.468822
403.600006,95.800003,33.400002,37.400002
409.399994,98.400002,33.200001,37.200001
395.000000,91.400002,33.599998,37.599998
392.399994,79.800003,33.599998,37.599998
2
0
0
0
0
1
349.600006,29.799999,49.400002,55.200001
331.779053,12.238375,45.084011,57.868855
314.377838,15.780588,49.015587,52.081791
302.149506,14.761612,50.011860,57.430656
297.866699,18.568861,51.773224,53.163883
298.518646,20.858721,48.876591,54.109425
303.319153,26.759554,49.064259,55.264019
310.799988,29.400000,48.000000,53.799999
310.497467,29.060003,49.795475,57.216206
307.424255,24.805862,49.869942,54.019333
304.677124,19.141718,52.284416,56.933025
300.337402,11.606169,52.144085,59.902012
296.314392,9.168339,53.033112,54.877029
294.921692,6.031145,49.847569,60.302013
291.106750,11.961420,54.242146,56.538486
296.341064,12.389751,54.196899,58.041153
308.416260,10.793928,54.493904,59.318386
324.911072,1.206537,50.480473,59.484161
325.188232,1.883289,54.935349,57.526375
322.336273,1.760799,56.443630,68.649208
319.741699,9.028736,52.086670,65.304153
326.121368,11.436825,50.842533,57.376305
327.418610,12.491823,52.258255,57.770733
321.079346,7.600452,61.303581,54.076927
329.799988,1.800000,50.200001,54.599998
327.964417,2.982870,50.125843,53.354355
318.399994,-1.000000,50.400002,54.400002
311.490265,-5.777050,57.313026,61.195843
294.236664,2.735224,54.095039,61.399525
284.132874,31.911701,48.566559,67.656395
284.200012,52.799999,53.400002,58.000000
2
0
0
0
0
1
305.525269,159.390411,76.585724,73.579796
282.850647,139.744247,76.423256,78.971062
267.779083,119.664604,77.016281,80.631393
236.236877,97.320206,93.326599,73.441917
228.233887,77.693863,87.175713,71.003906
206.401138,52.741077,91.657219,77.707649
215.288483,24.645977,86.348274,82.844139
190.399994,9.600000,80.800003,76.000000
166.166946,-0.596504,71.999878,78.112831
138.220840,-4.016190,80.467918,87.461800
133.561646,-3.295605,90.302422,88.201591
132.525421,4.449875,82.639008,81.263161
123.466705,10.907890,83.279480,89.141541
138.966904,20.638290,90.097847,83.643753
143.296753,21.094810,93.480247,87.298355
152.094727,22.968544,93.738693,89.994217
161.026596,16.909077,85.423485,82.928604
