1
213.837662,141.695251,85.270668,48.636063
211.696350,142.705673,85.775131,47.926750
210.343704,142.573807,86.186073,48.743969
209.455627,143.858734,84.178215,47.261093
206.772888,144.495087,85.422661,47.320835
203.745407,144.679520,89.364799,49.024139
202.418121,145.075500,88.383003,49.883186
198.668503,146.386139,91.447456,49.163189
197.506546,145.498672,89.898155,51.402782
195.108032,145.938339,91.041641,51.140205
194.077667,147.326431,90.928322,50.419201
192.036102,148.110123,90.032303,49.420078
190.308395,148.677383,92.009094,50.174999
189.006836,149.281815,91.035179,50.277294
188.500885,150.256439,90.987343,49.986336
187.826324,149.388229,92.568573,51.677135
187.236145,152.027679,91.249741,48.553638
186.951553,150.583405,94.617012,52.365082
184.887329,153.436829,92.227608,50.267689
183.194595,153.427094,93.423607,50.973026
181.938263,157.075104,95.164291,51.652042
180.534073,160.226257,92.170258,49.824059
178.620270,160.883743,93.730957,50.759483
176.072968,160.767441,95.414536,51.194759
175.746277,161.784363,94.244064,50.051743
173.362946,163.359940,91.543556,49.536831
172.110001,162.632736,92.780815,51.500984
169.453522,163.001053,95.154541,51.430721
167.372910,164.831253,91.642036,50.650806
167.382233,164.568726,90.813484,52.279861
164.778320,165.026688,92.134933,52.962353
160.807205,165.343414,94.944763,52.004063
157.513748,166.797943,92.290718,51.689003
155.440231,166.589188,93.487206,54.177181
156.752991,168.934326,86.936386,51.462410
157.863708,170.842651,85.827332,50.588692
156.294800,169.280029,85.198822,52.500050
155.746399,171.597473,87.127960,51.693726
154.961365,170.708786,87.154701,51.057842
154.167313,169.165100,85.424248,51.735855
155.110565,168.647018,81.216141,50.654549
154.733398,168.057678,83.683289,49.897011
155.849487,166.522125,83.293930,51.540890
155.630997,166.231033,81.216797,51.516140
155.601151,165.626572,80.340401,51.596333
155.070465,165.499680,80.206711,53.219883
156.346436,167.131119,80.108948,51.790283
155.559647,164.835052,72.749756,52.962112
154.604782,165.056320,75.606407,54.317848
154.436798,165.474182,77.085510,54.208038
156.154449,166.335907,75.448105,52.972530
155.266312,164.535217,73.241646,53.355740
157.148270,166.278427,74.917145,53.256935
158.594666,167.231705,73.453819,52.865299
157.634598,166.326721,74.426033,53.581741
159.277069,167.720764,76.760071,53.921703
157.714798,167.522247,78.752037,53.945511
159.450867,168.214279,78.007629,51.923157
160.100388,168.724350,78.810463,51.615837
159.333740,167.132477,79.079208,51.263172
161.113083,167.981262,79.014458,51.643997
160.991760,168.260254,77.425446,52.824219
162.448593,167.349854,74.760292,52.874531
162.004547,168.763046,75.878906,53.116299
161.098404,166.806168,74.066345,53.707607
162.165573,168.048538,74.333313,53.435516
163.754700,167.584259,70.328583,52.592529
159.948013,166.029388,74.794098,53.940624
160.915894,167.258896,75.972015,54.978657
160.979034,166.579987,73.686745,53.947411
157.427444,166.582458,76.238503,53.592220
155.246521,168.026947,79.360519,53.074505
155.803604,166.889832,74.579155,52.553391
154.637772,167.463470,78.210869,54.169304
156.315567,167.005051,70.530235,51.864567
151.247955,166.163513,72.859192,52.341667
152.088196,166.409424,70.365837,54.229515
154.096832,168.804001,67.472145,51.137352
151.379730,164.970261,65.043045,52.226204
149.096970,165.255417,63.794487,50.907471
149.164368,164.670685,61.853622,51.130379
147.327850,165.064865,62.814861,51.551750
145.599243,164.096954,63.746384,52.921875
145.451736,164.911469,61.747677,49.833900
144.276794,166.994324,61.995991,50.136917
143.807129,166.800613,61.822796,49.317783
142.406357,167.059036,62.044338,48.776699
141.397156,168.260681,61.548691,48.131672
140.773285,169.851288,61.161194,45.575745
140.468277,170.591171,60.507221,45.427071
139.798279,171.175644,61.109245,45.415009
139.531555,170.837372,59.653831,44.996017
138.504471,173.399628,59.262829,42.930233
138.999283,172.876022,56.636753,42.226997
137.455673,170.390274,56.470196,44.243324
140.792542,177.536377,56.272640,40.317024
140.267548,176.006958,56.047241,42.749283
145.600006,183.800003,61.200001,36.400002
144.769409,174.100464,52.711185,43.226669
144.505539,170.011734,49.334972,45.532707
146.095657,171.314957,49.432980,44.535419
148.198746,173.614914,49.609455,42.325108
152.080597,171.406357,48.736252,41.223595
152.248550,171.283005,49.005970,40.099731
153.278290,174.597610,49.345947,38.835255
157.848328,175.415070,46.896046,39.505318
159.201950,174.017731,45.632824,40.030857
158.629059,172.804367,45.345444,39.924870
160.959778,172.339539,44.460678,41.690777
161.474930,175.222595,42.209023,38.718727
158.982620,171.304642,44.450481,41.422840
155.399994,174.600006,53.000000,32.599998
159.600128,164.434525,42.300095,39.939789
159.910660,164.756973,42.037048,38.128040
160.105011,163.114288,39.434017,39.123016
159.622757,166.904587,41.045368,39.785336
160.083084,162.942719,41.243748,37.061199
159.420486,168.720459,42.070385,38.248184
158.803864,163.862762,41.589798,37.959286
158.667679,171.261078,42.130241,37.568462
162.783875,178.381012,40.312111,34.885883
162.578476,178.592407,41.210846,35.614880
162.245575,175.385956,40.570744,36.630325
162.757217,168.310577,39.992764,36.473057
161.832047,173.112503,39.863426,35.617199
164.259720,171.711777,39.758675,35.627178
165.133804,171.785248,38.614143,36.137589
164.074768,171.524017,39.876057,37.461460
162.618408,172.020447,41.140888,37.928505
166.079422,172.969879,40.627228,37.738823
166.431473,174.246506,40.696949,37.674358
165.550064,174.305099,41.522106,36.918285
165.947525,174.082153,41.088814,38.689590
165.578827,170.138351,43.021118,39.895817
168.289551,170.355011,42.364563,37.004982
169.245483,171.689590,40.539600,36.401279
170.006042,168.146347,40.125500,36.480652
170.716812,165.083801,40.804077,37.352745
171.551010,165.987946,41.066994,35.642605
173.218597,165.878860,40.604553,36.337688
173.832764,165.526123,41.116955,35.723404
175.524185,165.816498,42.024548,35.509434
174.004486,164.491760,43.729843,37.545059
175.950409,164.958145,43.534286,37.433048
176.330933,164.983475,44.964638,37.756626
177.287415,165.314545,45.174671,38.033203
177.640106,165.729584,45.520523,38.646690
180.266937,169.176651,45.395195,39.634918
179.263870,170.076157,47.505280,42.586975
180.392731,170.892654,47.363377,42.080780
179.170639,169.752518,47.993103,41.068623
180.917923,170.233871,47.944866,42.537258
179.336960,170.275482,49.111652,42.432556
176.242065,171.382538,51.683968,41.377384
175.180603,172.857712,53.053352,41.301411
171.781036,171.560272,57.325985,41.566414
170.717255,173.731842,60.213207,41.195354
169.679092,172.397003,61.690117,42.229862
167.783844,172.857452,64.527878,42.599430
166.581696,172.394882,66.316734,43.948219
165.981934,171.932480,67.888336,44.111023
165.051102,172.675232,68.609406,44.045383
167.912323,173.560287,68.483437,43.642757
166.950714,172.472275,71.003403,43.658894
170.030655,172.951355,70.098938,44.449577
170.918732,172.660446,70.713844,45.062782
172.588104,172.325577,71.902321,45.626255
176.392731,172.673920,70.864677,44.573635
180.115540,173.058182,69.751480,44.705799
179.366638,171.999695,72.090752,46.096493
182.334351,174.029297,71.354874,45.347057
183.379654,176.568237,71.822166,44.683903
183.754150,178.036621,71.235153,44.394985
184.696274,180.978210,72.093262,42.777939
185.130875,181.380829,71.434532,44.948502
184.584518,183.563171,72.059784,43.035069
186.128952,185.142410,71.314240,44.058510
185.578461,186.433304,72.086510,43.695545
183.409912,188.073242,73.917519,44.714340
182.319412,189.597305,74.931114,43.982430
180.119675,191.697937,77.507072,45.427013
182.334290,192.903198,76.427444,44.434036
179.241913,194.332550,78.803375,44.879410
180.430038,196.701141,77.138084,42.014771
181.171692,196.675400,77.145149,44.460735
180.069397,197.623611,76.686432,44.455452
185.902588,198.968109,71.931259,42.012672
183.832886,199.867737,70.964371,41.129608
185.076218,200.011200,71.329109,42.982834
189.407608,198.962662,67.794769,43.635479
192.870514,199.971008,69.271172,45.052490
198.209961,201.537964,66.732910,42.983730
197.589127,201.325546,63.931561,44.801846
200.199997,198.199997,71.800003,45.799999
195.173279,199.958145,62.727890,44.437206
198.126877,199.975784,60.810722,44.322376
203.812469,198.614716,59.885662,45.813137
203.691635,198.009415,61.543522,46.742229
208.251480,197.713867,60.705353,46.660080
208.175705,195.365662,61.358448,49.031727
212.740707,193.752747,60.861423,47.311806
194.199997,198.199997,72.599998,46.200001
212.593292,194.558487,60.352432,48.012272
212.566635,192.819077,62.243397,46.929531
177.489822,204.097443,64.986977,43.176697
179.010269,205.350769,66.628899,44.044399
174.841476,204.458511,65.801338,45.516968
177.715408,205.045166,64.768822,45.354507
180.690033,206.360062,64.349213,45.749428
179.292313,205.466507,65.490059,45.210293
181.874176,207.019043,63.491478,45.166111
182.314728,206.532257,64.125450,45.056721
180.991470,207.208679,63.468555,44.851181
183.457001,207.425262,64.288124,44.785263
179.603790,207.637970,65.995110,46.494022
181.042114,208.757156,66.049049,45.957794
179.667496,208.808563,66.893044,45.426285
180.174408,208.567993,65.827103,45.184147
178.997528,209.216278,67.340202,44.607483
177.444214,210.154816,66.672470,43.469574
181.201736,208.204346,65.134247,44.108639
180.243881,206.971664,63.174862,45.446625
182.392059,206.336090,63.115780,46.995125
184.316895,206.908707,62.394089,46.817310
183.455414,208.518555,63.846561,45.952953
182.040344,208.618469,65.319199,45.760170
181.084824,210.097198,62.742500,43.809589
180.674683,209.350876,61.988094,43.907482
180.269699,209.595078,60.954826,43.005463
180.964981,210.759888,56.811749,41.671310
181.487473,210.137329,54.623905,41.429077
181.081589,209.464890,53.826786,40.911739
181.000961,208.280212,53.028957,39.865345
180.737427,207.546005,53.279747,39.784233
184.392319,208.264694,50.799141,39.525398
179.569992,208.917145,52.694546,37.990818
182.737442,208.125702,49.552624,37.908676
181.754272,210.367264,51.027176,39.373512
183.490112,207.860992,47.461189,36.082291
183.743042,208.406494,48.065601,36.553894
181.438766,207.963303,47.631641,35.908894
181.346191,207.725327,47.816608,35.403259
181.927139,209.515076,46.733276,34.960922
176.250656,208.911789,48.912964,35.247684
179.673996,208.272766,46.135475,35.246567
181.451843,208.595657,45.366985,35.380589
180.113052,208.059219,48.740108,35.205078
184.074905,207.734100,48.306793,34.579098
184.342026,206.233429,50.513660,35.164246
189.031860,206.183975,46.966049,35.411831
190.201599,210.164948,47.400585,34.955078
188.508423,210.120392,46.621414,36.069111
191.961594,210.276779,44.515755,35.808296
192.094971,208.724136,47.629379,36.060951
195.996582,210.041641,47.351948,36.609783
195.787811,208.932571,49.139656,37.387783
196.303009,208.607910,51.260433,38.617538
195.611038,207.743378,52.613983,39.833199
195.501617,207.454453,54.834671,39.558022
194.310516,205.814178,56.846115,39.982834
195.416031,206.807846,58.574787,41.503597
196.143875,206.421021,59.051373,42.667328
197.375122,204.727036,60.513996,42.675060
193.533539,203.117462,64.048500,42.354744
193.638306,201.893585,65.146347,41.532349
194.836487,203.056702,64.808403,41.039795
194.575394,202.484589,67.137939,40.805428
194.050125,201.570526,68.225258,40.735359
194.022232,199.688812,70.206642,41.621872
194.506287,198.404510,70.743568,42.940174
194.401047,198.849686,70.758598,43.050335
198.371063,199.318298,70.452545,43.831482
196.176758,197.700119,73.168678,44.569298
195.836472,197.720428,74.872093,44.028603
199.835800,197.943329,73.414375,43.635811
199.191330,198.157883,76.152039,44.294891
200.389404,198.198380,76.198952,43.999031
200.968201,197.890427,76.816177,44.226448
203.709900,197.769547,75.409714,42.758549
203.245483,197.977615,78.773857,44.018257
202.453812,197.431091,81.941895,45.168598
203.264709,197.081253,82.647644,45.022778
205.397781,196.270172,80.900726,45.114204
209.697464,197.373627,77.592262,42.722580
207.465027,196.905167,80.264877,43.884617
209.701431,197.149963,78.115479,42.917709
210.613724,196.558029,78.058571,44.027699
212.566254,196.339294,77.917221,43.414101
212.108292,196.437897,80.500114,45.814423
212.664032,197.178131,80.450424,44.787842
217.186142,196.459015,77.797455,45.623528
218.848816,196.870224,79.169006,45.311794
217.449768,197.589661,84.920883,45.837025
222.941422,198.157425,81.873436,45.373135
223.137573,198.387238,84.723007,46.200375
221.970245,198.012177,87.801628,45.618690
230.130066,197.419281,83.002007,44.568695
231.633423,196.710205,83.939034,44.976414
233.904144,195.243805,85.448349,47.683376
237.195892,195.079788,82.703842,46.946220
237.181686,194.059570,83.530312,45.886459
237.380096,193.601532,83.814529,46.972633
240.598251,193.800537,82.335670,46.502884
242.054794,193.237854,81.037758,45.690701
242.010681,192.608505,82.962845,45.492603
241.510010,192.166412,86.080566,47.021957
244.404114,192.467880,83.602859,45.705532
246.087082,191.619904,83.661034,45.565048
248.325317,191.612671,83.458572,45.881729
250.612244,193.536957,83.982346,44.931412
252.373199,193.687073,84.148819,43.900352
253.506653,194.376953,84.905083,45.392876
259.815704,196.121017,79.727859,44.083370
256.068909,194.621262,84.562630,45.308819
259.062439,196.116821,83.083313,44.412876
256.968719,195.053787,88.072502,47.844200
261.191925,196.796509,83.115257,44.405685
263.457214,196.803558,83.178207,44.781940
263.921875,196.512070,85.412804,45.298176
266.370789,197.164383,86.182686,46.279255
271.103607,198.855927,84.267296,45.739067
273.182343,198.430939,84.645325,45.419861
277.599304,200.332626,83.518074,46.228149
279.746826,200.653549,83.764404,46.901402
284.848541,202.294479,81.867409,45.745506
282.561340,200.475281,86.944664,48.257401
290.235260,203.346512,80.955650,45.690216
293.989655,203.259354,78.271034,45.231087
292.683197,203.447067,82.812500,46.253597
294.933868,204.406723,82.482483,45.111958
298.479767,203.971573,79.915710,45.059689
297.974182,203.125504,82.426483,45.515511
302.664368,203.509369,80.407379,44.039516
306.055786,203.088715,78.577744,43.894005
304.057007,201.179932,83.021942,45.930592
305.087494,198.613922,82.914352,45.105099
309.635406,197.416901,79.396065,43.342018
308.385468,194.906738,82.220718,43.966141
310.796265,193.202835,80.669128,43.893829
311.156891,189.749023,81.370781,44.446335
311.180969,187.247940,83.438034,45.414482
313.620087,186.741409,80.378075,43.808369
317.585815,186.406799,77.718246,43.148670
316.882721,185.549286,80.239952,43.637627
319.110046,185.287552,80.121056,43.377312
319.775940,183.574173,80.250633,43.271221
324.532745,182.662140,76.515907,42.494740
325.344788,181.507370,78.555977,42.316338
324.628571,180.282669,80.222847,42.400566
326.363220,179.450256,79.969521,43.099365
327.999695,180.290619,79.842941,42.523357
330.331207,179.642487,78.442726,42.666176
330.645477,179.764969,79.381721,42.333954
330.212982,179.173080,82.671997,43.021366
331.970428,179.179718,82.953323,43.284370
338.241486,178.365143,76.629524,43.541988
336.964722,177.860855,79.612885,44.436981
338.929810,177.524231,78.109818,43.685764
340.122131,178.056244,77.926498,43.264118
338.994537,177.537567,79.605118,43.297592
336.104889,175.147400,82.828545,45.457108
338.235138,176.942474,82.626274,43.496811
338.199036,175.933228,82.644699,44.803326
335.802917,176.032089,85.633881,44.121120
333.809875,174.963379,87.861359,45.658794
332.294495,175.773819,90.204048,46.416283
332.726074,174.997314,88.872528,47.251389
337.025696,175.082199,83.369377,45.430058
336.790009,175.005692,84.319221,45.890820
340.740540,175.248886,81.892738,45.488396
338.935944,175.620728,84.034843,44.630314
340.517517,174.261078,81.813103,45.657066
339.290833,174.289597,83.794617,45.704700
340.054565,173.452972,83.836906,46.335545
341.441406,173.333176,81.820152,46.485069
340.101807,173.406525,83.426117,46.056103
340.169464,173.330505,82.698471,45.417347
337.030121,172.986801,86.083824,47.440006
337.171478,173.762894,86.157768,46.010891
338.253387,174.152496,83.776451,45.023132
339.698029,173.194824,81.642372,43.854717
340.993866,174.014984,80.079567,45.093304
339.397461,174.397263,82.770416,46.601406
343.830200,176.562195,78.986778,44.724125
341.077484,176.850815,83.730118,46.665630
342.945038,177.580765,83.221375,46.281750
344.364227,178.624008,81.871094,46.372097
344.177246,178.474335,83.301231,46.839542
346.415710,180.365402,81.878838,46.327065
343.876465,180.815720,87.830597,47.970581
347.163727,182.232910,84.942818,47.774529
344.199646,182.696075,87.925766,47.952866
347.704163,182.493301,83.887032,47.805813
351.061584,184.550430,82.769867,47.472858
353.558075,185.564819,82.122383,47.553940
354.092133,186.209564,83.439491,48.510361
352.309662,186.299423,88.278908,48.251228
360.391479,187.430435,83.170029,47.347263
360.190216,188.024048,85.212906,48.180359
362.278473,186.958633,86.273964,47.841938
364.414246,186.869873,88.169220,47.788521
370.080933,188.641953,86.447441,47.160847
373.770020,188.585602,87.753654,48.734413
374.428070,187.715073,90.751328,49.355560
379.079437,186.843552,90.096382,49.839970
380.774414,186.019867,92.622543,50.480396
385.784485,186.546753,92.147064,50.081070
388.306152,186.656967,91.858025,49.500263
390.048676,185.222809,93.077232,51.778252
389.916779,184.868179,96.580971,51.734497
392.166443,184.544556,95.680893,51.144104
396.074646,183.081055,94.199989,51.041874
392.430847,181.477036,98.540619,52.214348
396.576141,180.312027,95.466537,52.255932
394.760406,179.373215,99.049339,54.739132
398.919250,178.935028,94.940483,52.899887
396.547607,178.172455,96.509460,54.485374
399.921478,176.455612,94.426086,55.979374
401.371918,175.683533,91.723854,54.795734
401.240356,175.362411,89.995872,54.555256
404.043762,174.764084,86.933495,54.298740
401.316376,173.878754,85.934608,52.046021
401.004303,173.436905,86.410706,53.753387
397.657654,173.033005,87.487999,54.355232
397.276733,172.884964,86.372261,54.470520
397.107361,172.337082,83.321777,53.395111
395.464233,172.074371,84.133774,54.703495
397.140289,171.909378,80.083206,55.142952
395.109009,171.400421,81.045700,53.986282
395.294067,170.482452,79.109230,54.067101
395.829071,170.887970,79.130592,54.877396
396.813904,170.474487,78.289032,54.620346
398.092865,171.016708,78.765465,53.157112
402.012756,169.551605,76.709663,55.019699
406.776611,168.854004,74.317116,52.414597
406.347473,169.251236,76.578743,54.796528
409.773529,168.295959,75.338203,53.306911
411.670074,166.985413,74.968147,54.285919
414.624084,168.966461,72.284447,53.966572
421.405396,167.604675,72.855133,51.896187
421.868439,167.033463,71.659523,51.270653
421.859375,166.331726,72.632172,51.030838
426.163635,165.652710,69.341896,51.703247
430.033325,165.311859,68.993073,51.985611
431.528046,165.294266,68.449547,50.710423
432.037689,163.638870,66.384300,52.132244
427.784302,166.815353,68.555420,52.524662
427.815613,167.158249,67.168251,50.980228
429.478882,165.508865,65.929886,50.163300
429.488312,166.384781,66.930519,49.860481
429.338928,165.191895,65.634735,49.302280
429.351318,165.777664,63.522533,46.776619
420.000000,166.399994,68.599998,43.200001
427.345520,166.706497,58.929558,46.552959
425.480835,168.493881,57.757282,45.528473
427.166382,163.971039,54.119602,43.014240
424.200043,165.126038,52.110470,41.588055
421.893097,167.812241,50.846149,42.111137
421.682556,163.646393,49.727142,40.903519
415.975800,172.604095,53.316212,39.496071
416.811981,164.675156,50.651558,39.042881
415.996704,165.118378,50.242863,37.623009
414.650787,165.334564,47.828579,36.963417
412.814209,167.129318,45.895054,36.451012
412.119659,165.035889,44.298714,37.945755
410.399902,165.917603,45.703102,38.919064
418.088898,169.452835,49.156094,40.586544
409.513794,166.227737,46.404175,40.112373
408.524109,165.909821,45.369045,38.426456
406.516357,170.038986,46.512558,40.344852
398.633636,170.947952,45.359497,40.693638
400.519043,171.810593,46.398270,39.491085
401.180115,170.610718,46.175533,39.877460
396.246216,169.032913,44.758064,40.595238
397.770325,171.308060,45.528519,39.215923
396.866974,167.672684,44.381706,39.317177
396.433838,168.178070,45.808609,39.754097
396.442871,168.821976,45.515808,41.476795
394.329803,166.749969,43.624367,41.015636
397.881683,165.848389,42.909348,39.702236
396.438141,170.298172,42.958054,39.197762
398.449097,167.876846,41.911186,39.398991
397.433380,170.571350,43.711952,40.111656
404.082916,172.525345,43.673157,38.855457
400.514832,169.240540,41.055618,38.205795
401.437073,172.670898,44.101192,39.469376
400.736786,172.404526,42.493214,40.535816
402.102783,172.605743,41.623558,39.227787
398.341675,172.670349,42.634064,40.975174
400.159546,169.785645,40.355789,37.992859
400.378906,169.606918,41.454357,36.738457
398.406067,173.773193,43.697254,36.205547
399.465820,170.176163,43.018780,35.842415
403.031311,170.138962,42.749378,34.732208
399.237793,172.267502,41.544769,35.414715
402.324921,174.229431,45.015057,34.282791
403.584778,175.203247,44.473240,33.958248
406.558502,172.147858,43.689869,34.178905
401.181091,169.500748,42.007076,36.584629
400.283478,171.031036,40.815617,36.895191
400.247375,169.869110,42.119507,39.014687
403.787292,170.315826,42.288029,39.054142
406.004578,167.913605,42.179111,38.456348
406.636963,169.511047,42.424431,40.105125
407.102753,167.780991,42.544880,40.390564
406.133331,165.021667,42.620316,40.889786
406.903809,165.467102,43.808487,41.279732
406.573151,165.556686,44.057755,40.247311
406.646973,167.206085,43.962032,42.006245
406.437103,167.395996,43.780449,40.518299
407.901459,166.710632,44.026718,40.411800
405.292847,168.287430,43.057301,40.141750
406.403717,166.838852,44.584057,41.341743
407.004425,165.635605,44.085281,41.878082
405.374542,163.742035,44.115307,42.834152
407.669220,160.588882,44.045639,41.721027
407.887604,160.335403,45.816566,42.450928
407.761627,159.902115,48.294762,41.193134
