1
169.291718,65.951691,83.394516,61.148106
135.214722,92.388176,80.823990,59.659077
108.552353,100.522980,75.559418,59.171471
79.000000,107.599998,79.599998,61.000000
69.166107,114.796501,67.946297,61.737473
65.141281,126.912247,65.317101,62.808105
67.441460,141.975311,63.223400,64.320663
71.076698,153.725647,83.665253,64.994980
109.681145,152.829895,78.072952,62.352875
139.218674,147.922897,78.621696,66.076332
168.082840,128.692810,80.641266,65.654823
210.214432,130.566177,81.125023,66.116882
244.655960,132.407745,72.417198,65.442764
264.418396,134.994263,77.845306,66.402542
288.479797,135.908356,85.549545,65.414673
303.540955,134.660919,91.326073,67.546623
296.227448,140.282104,89.862381,70.453590
308.070831,139.418243,77.498024,72.978554
327.035461,144.381912,82.318085,80.113281
357.535431,156.708099,86.020210,72.649925
370.842133,161.899658,85.347191,66.448380
377.348572,176.926529,77.058678,58.819427
378.977386,186.832855,74.523201,62.497643
383.472717,180.752533,74.467010,60.601334
373.087769,167.293808,71.459320,63.984531
351.705383,144.701447,74.097946,67.458038
324.163574,135.388428,74.743416,67.235008
292.118286,131.995651,71.312355,62.165874
274.571655,132.875427,73.531334,58.553944
266.236481,141.864624,73.874596,55.379253
260.979553,150.354858,72.640678,54.649506
243.233765,149.420502,70.372513,56.051960
224.822601,147.418198,68.707138,55.156162
212.144333,146.064148,64.562439,54.319443
195.478989,138.559265,65.216652,56.313419
179.539566,135.772491,64.771019,61.564896
166.074554,137.396820,64.839836,57.949142
161.659012,136.263199,64.915642,59.123920
167.427231,130.109375,68.418510,56.722729
176.609451,122.117973,65.064751,52.005451
184.472046,125.760086,61.229568,47.167698
186.077637,137.485092,61.960388,46.154579
196.796997,139.896133,63.108688,46.213051
214.414871,138.724762,63.481640,47.309921
233.967728,141.417480,60.348598,42.241676
254.899017,142.953079,56.649342,49.003796
279.845520,142.563751,54.463299,52.929504
294.390289,147.686249,53.887020,50.639271
304.664856,148.737885,53.932755,44.328712
304.101746,150.788803,54.753891,44.070644
302.627441,147.837341,54.101883,44.719528
316.023804,141.095825,48.911533,43.861488
326.000000,131.199997,65.199997,49.799999
329.600006,120.800003,64.000000,49.000000
330.399994,126.199997,65.000000,49.599998
342.799988,125.000000,64.800003,49.400002
348.600006,128.000000,62.400002,47.400002
347.399994,122.199997,62.400002,47.400002
347.799988,122.000000,62.799999,47.799999
349.000000,121.000000,63.200001,48.000000
349.200012,118.599998,63.000000,47.799999
346.200012,117.400002,61.799999,47.200001
344.600006,121.599998,62.200001,47.400002
348.799988,121.800003,60.599998,46.400002
347.799988,121.199997,61.000000,46.599998
343.399994,123.599998,60.599998,46.400002
347.200012,123.199997,59.400002,45.599998
350.200012,125.800003,58.400002,45.000000
352.000000,126.000000,57.400002,44.200001
2
0
0
0
0
1
315.000000,152.199997,57.200001,51.000000
314.799988,144.199997,56.000000,49.799999
318.600006,174.199997,55.599998,49.400002
311.600006,171.399994,55.799999,49.799999
291.000000,173.600006,56.200001,50.200001
279.799988,168.000000,57.400002,51.400002
270.200012,164.800003,56.799999,50.799999
249.600006,166.000000,57.200001,51.000000
218.199997,164.800003,57.799999,51.599998
215.199997,166.800003,58.000000,51.799999
243.199997,159.399994,58.599998,52.400002
264.000000,151.000000,57.799999,51.599998
278.799988,159.199997,57.599998,51.599998
276.799988,167.199997,58.200001,52.200001
270.799988,171.800003,59.599998,53.400002
285.600006,198.399994,60.000000,54.000000
311.399994,206.399994,61.200001,55.200001
2
0
0
0
0
1
412.399994,173.000000,32.200001,53.599998
415.000000,174.000000,32.000000,53.599998
404.399994,169.800003,31.799999,53.599998
2
0
0
0
0
1
194.303192,181.114899,37.199417,63.487411
180.445160,189.541855,33.585491,64.988953
183.594559,197.438934,32.237823,65.125816
190.600006,203.199997,30.200001,62.000000
201.919647,200.223984,33.011723,71.408966
222.600006,206.600006,30.600000,63.200001
245.800003,209.000000,30.200001,62.400002
265.616486,211.444122,30.371725,67.779984
287.295898,211.995789,34.253624,76.165474
293.600006,202.199997,31.600000,64.400002
300.200012,190.600006,30.600000,62.599998
292.399994,180.199997,31.000000,63.000000
2
0
0
0
0
1
287.000000,178.399994,87.800003,97.800003
287.200012,190.000000,88.000000,98.000000
278.431396,194.118073,105.667641,95.359634
271.084930,192.367508,107.902664,95.846916
289.120880,186.807388,82.621582,101.363716
262.600006,159.399994,93.199997,103.599998
265.200012,164.399994,92.400002,103.000000
301.872284,191.368607,70.927711,96.821815
295.445740,180.996918,75.800858,102.394745
286.249207,172.761139,96.301270,105.860718
295.784668,175.221848,89.593315,103.384521
292.505554,172.700302,88.531372,103.492035
293.269287,173.013214,90.797394,98.817902
289.171021,171.848618,87.408516,99.184334
289.134155,168.134232,83.042969,93.645470
274.478912,159.873550,82.291664,90.501381
269.881409,155.312744,80.628632,88.207413
263.296326,153.173645,77.724579,88.941040
263.589478,147.629639,76.949509,86.577255
283.652832,148.200928,68.880699,82.166344
293.706818,151.523376,68.105148,77.720558
284.778503,146.884064,67.327362,82.531097
287.412109,142.796173,64.930382,76.309921
286.297211,149.648636,63.219570,77.388153
284.252625,147.654724,68.487457,75.686172
272.374908,149.373642,77.084732,81.431984
253.380692,143.373688,75.831520,80.295609
260.172791,147.025513,70.345253,77.611885
243.831299,133.984528,68.911270,84.551231
255.851501,136.083618,76.695908,84.741547
303.240814,133.728149,75.617867,70.366714
333.318024,133.686188,68.112160,67.350563
362.509583,150.496094,70.225151,69.049942
371.607697,136.371033,70.429207,69.171135
371.241028,133.951385,77.742744,72.280701
379.691223,143.430847,70.774704,69.612488
386.365021,154.961960,71.291504,73.147278
387.911743,175.928497,70.515419,74.726990
379.232666,170.770279,72.187843,78.233147
383.411285,166.169189,74.167168,75.071793
360.861633,162.664169,79.040497,75.742516
347.777466,160.652664,84.349861,77.217827
357.923828,164.362183,85.147552,76.970863
356.231201,161.679596,93.237099,82.368790
355.221741,153.998932,94.025093,87.422195
349.234192,144.546936,84.609009,91.657013
360.037964,146.088028,88.165718,89.841309
372.891083,161.789581,93.311157,85.370468
386.041595,181.517883,94.902832,83.616333
