1
169.291718,65.951691,83.394516,61.148106
135.214722,92.388176,80.823990,59.659077
108.552353,100.522980,75.559418,59.171471
79.000000,107.599998,79.599998,61.000000
69.166107,114.796501,67.946297,61.737473
65.141281,126.912247,65.317101,62.808105
67.441460,141.975311,63.223400,64.320663
71.076698,153.725647,83.665253,64.994980
109.681145,152.829895,78.072952,62.352875
139.218674,147.922897,78.621696,66.076332
168.082840,128.692810,80.641266,65.654823
210.214432,130.566177,81.125023,66.116882
244.655960,132.407745,72.417198,65.442764
264.418396,134.994263,77.845306,66.402542
288.479797,135.908356,85.549545,65.414673
303.540955,134.660919,91.326073,67.546623
296.227448,140.282104,89.862381,70.453590
308.070831,139.418243,77.498024,72.978554
327.035461,144.381912,82.318085,80.113281
357.535431,156.708099,86.020210,72.649925
370.842133,161.899658,85.347191,66.448380
377.348572,176.926529,77.058678,58.819427
378.977386,186.832855,74.523201,62.497643
383.472717,180.752533,74.467010,60.601334
373.087769,167.293808,71.459320,63.984531
351.705383,144.701447,74.097946,67.458038
324.163574,135.388428,74.743416,67.235008
292.118286,131.995651,71.312355,62.165874
274.571655,132.875427,73.531334,58.553944
266.236481,141.864624,73.874596,55.379253
260.979553,150.354858,72.640678,54.649506
243.233765,149.420502,70.372513,56.051960
224.822601,147.418198,68.707138,55.156162
212.144333,146.064148,64.562439,54.319443
195.478989,138.559265,65.216652,56.313419
179.539566,135.772491,64.771019,61.564896
166.074554,137.396820,64.839836,57.949142
161.659012,136.263199,64.915642,59.123920
167.427231,130.109375,68.418510,56.722729
176.609451,122.117973,65.064751,52.005451
184.472046,125.760086,61.229568,47.167698
186.077637,137.485092,61.960388,46.154579
196.796997,139.896133,63.108688,46.213051
214.414871,138.724762,63.481640,47.309921
233.967728,141.417480,60.348598,42.241676
254.899017,142.953079,56.649342,49.003796
279.845520,142.563751,54.463299,52.929504
294.390289,147.686249,53.887020,50.639271
304.664856,148.737885,53.932755,44.328712
304.101746,150.788803,54.753891,44.070644
302.627441,147.837341,54.101883,44.719528
316.023804,141.095825,48.911533,43.861488
326.000000,131.199997,65.199997,49.799999
329.600006,120.800003,64.000000,49.000000
330.399994,126.199997,65.000000,49.599998
342.799988,125.000000,64.800003,49.400002
348.600006,128.000000,62.400002,47.400002
347.399994,122.199997,62.400002,47.400002
347.799988,122.000000,62.799999,47.799999
349.000000,121.000000,63.200001,48.000000
349.200012,118.599998,63.000000,47.799999
346.200012,117.400002,61.799999,47.200001
344.600006,121.599998,62.200001,47.400002
348.799988,121.800003,60.599998,46.400002
347.799988,121.199997,61.000000,46.599998
343.399994,123.599998,60.599998,46.400002
347.200012,123.199997,59.400002,45.599998
350.200012,125.800003,58.400002,45.000000
352.000000,126.000000,57.400002,44.200001
2
0
0
0
0
1
315.200012,155.399994,56.400002,50.400002
317.000000,144.000000,56.799999,50.599998
318.200012,171.399994,57.000000,50.799999
309.799988,169.000000,56.000000,50.000000
291.600006,173.800003,56.000000,50.000000
280.799988,167.399994,55.400002,49.599998
267.000000,165.000000,54.799999,49.200001
237.800003,170.399994,54.200001,48.799999
219.399994,170.600006,54.400002,49.200001
229.399994,163.800003,54.799999,49.799999
245.600006,158.800003,55.000000,50.000000
260.000000,154.199997,54.799999,49.799999
278.000000,155.800003,54.200001,49.200001
292.600006,163.399994,54.200001,49.400002
310.000000,164.800003,54.200001,49.200001
325.000000,164.800003,54.200001,49.200001
330.799988,166.199997,54.400002,49.400002
342.200012,153.800003,54.400002,49.200001
346.200012,156.199997,54.400002,49.200001
352.200012,158.800003,55.400002,50.000000
366.799988,168.399994,55.200001,50.200001
370.200012,161.600006,55.400002,50.400002
379.600006,166.199997,55.400002,50.400002
389.000000,161.199997,55.599998,50.599998
388.799988,181.199997,54.799999,50.000000
369.600006,188.199997,54.200001,49.400002
379.799988,170.800003,53.599998,49.200001
369.399994,177.800003,53.599998,49.400002
2
0
0
0
0
1
164.721924,199.451538,43.471958,64.444221
165.234344,203.387497,47.251926,66.646576
171.972534,204.865402,55.915192,71.458290
194.103546,208.857651,55.545834,72.139641
219.817795,213.279526,54.588589,72.200096
243.127121,217.000717,45.833515,72.018822
271.000000,213.600006,42.400002,66.599998
293.450867,216.700943,58.562172,64.815651
312.370087,210.704254,59.191807,64.291878
312.418304,212.272980,58.743446,63.201881
319.831177,202.868439,39.021538,73.594650
307.399994,209.000000,41.400002,64.800003
315.200012,215.600006,40.799999,63.599998
331.200012,195.800003,41.599998,64.599998
344.399994,182.399994,41.000000,63.400002
320.200012,188.399994,41.200001,63.400002
293.802551,181.935669,44.894699,67.287186
287.200012,187.000000,42.200001,65.199997
284.372437,192.250458,46.573708,66.914001
278.098511,192.733521,49.136280,66.739670
307.719025,187.793076,42.259941,71.959023
2
0
0
0
0
1
302.871185,186.310486,74.675575,73.728714
300.845062,185.815750,75.011711,72.151711
295.724945,185.007538,73.486710,71.697983
295.481323,181.912827,65.908920,67.875969
281.056763,171.549500,68.960197,66.487221
275.283752,167.906998,65.951019,62.237907
269.384552,163.482788,62.481556,62.253876
271.285278,157.053604,57.673222,62.146923
238.399994,148.600006,69.800003,68.800003
2
0
0
0
0
1
269.924011,161.712738,49.151093,57.280697
272.901611,157.697571,47.303497,58.408882
281.200012,156.800003,48.200001,56.599998
275.399994,154.600006,48.599998,57.200001
2
0
0
0
0
1
381.640137,168.944916,56.793015,45.541847
372.000946,187.958710,62.567200,46.027302
369.024719,181.745178,60.133213,46.623833
372.560028,176.338791,61.711327,49.666935
367.340607,171.167038,62.955803,51.868168
362.212250,170.670685,64.435257,50.391529
366.546906,172.115189,65.826660,52.344200
376.287415,172.047287,67.671196,53.721157
379.984253,171.260666,64.209282,51.985149
371.734863,173.534851,62.222122,45.818909
370.959717,174.833588,58.877888,47.711288
374.502594,188.071396,63.995003,50.400581
394.216949,198.720001,60.887768,47.637215
