1
167.325195,65.020447,86.522255,62.508034
133.711426,92.042511,84.376114,59.752640
105.861610,103.067627,78.693436,58.279320
82.400002,103.599998,79.400002,61.200001
68.959702,114.400024,69.072594,63.517269
64.302689,127.322365,69.619339,63.349537
66.836075,134.345917,74.274681,68.319672
69.940918,147.262650,85.462387,62.492756
111.048294,154.508987,77.724304,60.558430
135.899109,146.537949,81.714172,63.472652
167.556686,131.286407,86.023399,66.574585
208.257996,132.826431,80.637466,66.222832
244.746155,134.639984,71.228569,60.871544
264.711548,136.150635,80.192558,65.085854
289.899017,138.867142,84.768448,62.062843
306.247528,136.789276,86.433556,61.485149
297.769684,146.652802,89.507156,67.905739
307.891541,142.478226,79.374634,71.802605
329.864929,149.966736,82.206215,73.746414
357.020386,160.305191,86.282379,69.163361
369.822388,166.330139,83.025505,64.171951
379.586029,176.304214,75.589470,62.258343
379.970184,185.395889,74.808952,62.351685
385.822449,180.874725,70.112213,58.208038
374.595123,168.972122,71.515388,61.414642
352.750061,145.571564,70.916336,64.720566
324.664062,139.293243,71.808769,60.766388
293.217651,132.023636,74.730003,56.649689
276.487854,139.130035,72.735680,52.205635
268.386292,145.401642,71.458862,49.605289
263.727234,152.473236,69.196747,48.920162
245.855042,151.454941,68.634346,50.705162
226.436234,152.400024,66.658165,51.975014
211.797913,150.314514,68.371506,51.637932
196.851700,137.960068,64.536278,53.700535
180.230667,134.375565,62.413811,58.404198
165.838379,136.417236,64.234932,56.606392
163.680420,134.985565,63.613937,57.441826
171.774948,131.904846,63.450848,52.593502
179.682663,127.183212,65.084740,49.481148
190.836990,132.248016,57.562527,43.330086
184.181122,139.917114,62.315376,44.502747
200.415710,140.057800,61.141487,46.268993
220.433075,135.268097,60.464481,46.221588
236.970978,143.149414,58.060623,39.350357
258.937653,146.234634,54.646152,43.188938
282.297546,144.156738,52.815750,46.705379
297.265869,146.522003,51.440556,46.334248
303.012665,155.984283,51.915909,40.330482
305.336517,153.951431,53.957764,40.875183
305.729950,151.363159,51.411221,40.631489
320.461517,142.024857,48.041561,39.945473
320.200012,141.199997,56.200001,42.200001
336.635681,120.149185,54.353096,44.173702
339.215424,129.466385,51.618198,41.114510
344.083588,128.340088,50.749409,41.532116
353.254944,128.116608,51.292305,42.277508
352.779846,127.562836,50.902214,42.216068
351.441193,126.208336,50.660656,40.976761
351.702362,124.161484,51.560703,43.569767
351.549591,125.671562,47.450741,38.980114
347.742767,125.582382,49.946877,39.517239
348.824493,128.784698,49.011009,39.694382
350.089081,127.978287,47.848522,38.871708
349.676300,126.509094,50.963375,40.351223
349.681671,132.367752,50.152393,40.065437
351.997589,129.930756,49.997822,38.959911
352.145691,130.934326,48.760574,38.601273
2
0
0
0
0
1
313.019043,162.699951,58.820942,49.102364
339.799988,161.199997,70.000000,48.599998
2
0
0
0
0
1
236.577774,172.606445,44.523407,48.576317
231.308258,168.590424,45.691513,49.221466
235.831772,167.067795,44.799465,47.996754
245.610291,162.796280,47.170410,52.211628
254.365601,158.616989,52.716080,50.286354
271.000000,158.600006,44.000000,49.799999
295.006744,166.501328,52.268761,52.955635
310.850891,171.307541,53.753525,55.338844
321.169769,172.015030,49.964127,53.106171
333.636932,167.833618,56.320076,51.399818
338.399872,159.359833,56.409260,49.707653
343.479126,159.303391,51.202156,50.733086
344.811676,162.035187,50.257504,52.264347
367.224762,169.045410,45.569885,52.102390
367.600006,155.800003,46.200001,52.200001
362.000000,141.800003,46.000000,52.200001
379.000000,151.800003,46.200001,52.400002
395.799988,179.199997,46.400002,52.599998
366.885162,184.373444,58.330856,57.600235
353.196869,183.652527,54.390507,54.292740
346.402985,185.560608,40.811272,52.779572
2
0
0
0
0
1
163.990921,198.807419,44.644024,66.230751
164.558441,204.104034,48.317947,65.129158
172.696671,204.381241,55.328632,70.533417
197.691238,210.275024,50.452553,67.890160
219.850632,213.413132,53.505810,72.570984
243.396942,217.125000,47.575272,72.638634
274.200012,214.199997,40.799999,63.400002
293.803162,217.740051,53.448669,61.570076
313.769440,213.196899,55.475597,59.664665
313.086731,214.100037,55.745373,59.363815
318.200012,207.199997,40.400002,62.599998
308.000000,212.199997,40.200001,61.799999
314.799988,216.000000,40.000000,61.400002
321.399994,189.600006,40.000000,61.400002
305.600006,175.199997,40.200001,61.799999
301.000000,166.000000,40.599998,62.400002
295.305206,181.302597,44.956326,67.258453
287.399994,189.600006,40.599998,62.400002
287.287170,191.878693,40.389324,64.598572
279.767517,193.983551,41.220245,60.761414
311.291931,192.960510,38.977428,64.020119
2
0
0
0
0
1
303.177734,186.731995,75.033562,73.732712
300.310303,186.042786,76.424255,72.148857
296.338989,186.983215,72.757675,69.166763
295.962189,180.716125,64.284546,69.617561
281.024628,172.485565,69.902107,64.413094
275.529907,167.084686,65.083687,64.162682
272.853821,162.955643,58.212124,63.541561
275.367981,156.375031,55.842381,65.253731
243.199997,150.600006,70.400002,69.599998
2
0
0
0
0
1
270.560669,161.715378,47.904919,57.864750
273.376862,158.923706,46.915840,56.079514
280.000000,155.399994,49.599998,58.000000
280.000000,151.800003,49.200001,57.799999
287.399994,146.399994,49.200001,57.799999
319.399994,163.399994,49.000000,57.599998
349.000000,159.000000,48.599998,57.200001
381.000000,153.399994,48.599998,56.799999
377.000000,137.600006,49.000000,57.200001
389.200012,155.600006,49.599998,58.000000
401.123169,165.498932,49.939400,57.163105
393.270782,185.217682,53.836102,56.913383
382.030457,182.792648,58.093414,55.976131
391.233917,175.750000,52.972309,61.784927
385.111816,173.686951,51.159573,61.759399
381.159424,175.944672,49.399586,57.940529
391.600006,172.600006,51.400002,60.000000
395.283630,177.737106,52.779835,58.846874
398.059265,175.576401,52.134777,54.128845
378.123444,176.388885,59.595463,54.119827
371.436218,178.300079,58.890736,58.174500
380.339966,193.514038,60.118965,56.508957
409.176605,202.318542,57.437664,58.365280
