1
167.330826,63.944595,86.546867,63.708904
134.000000,83.800003,83.599998,64.400002
103.199997,93.400002,85.000000,65.199997
79.400002,100.000000,84.599998,65.000000
58.400002,112.000000,85.000000,65.400002
57.599998,123.000000,84.199997,64.800003
59.799999,138.199997,83.599998,64.199997
67.400002,143.000000,84.599998,64.800003
109.175980,151.260117,80.463318,65.468719
136.385239,145.638000,83.516571,66.482315
154.600006,137.000000,86.599998,66.000000
198.600006,133.800003,85.599998,65.199997
243.940598,130.711212,70.426064,69.156097
266.460876,130.515106,72.993362,64.106171
288.418274,137.145874,86.638458,67.224983
303.864349,134.669846,89.105644,67.067039
299.006531,146.369293,86.670319,71.215492
307.026764,137.664551,80.626274,82.700424
327.205322,146.110138,81.211029,77.821030
356.181580,159.529861,85.898376,69.975700
370.579254,162.569031,82.544716,70.413773
378.398071,177.762085,76.717728,68.501297
381.499756,182.526611,72.275261,63.849125
384.904999,178.540573,69.613243,59.484428
374.926086,165.301163,69.643044,65.366570
350.888611,144.504181,71.476036,69.637100
322.232086,130.561066,75.607346,70.105820
288.410645,125.637909,76.159126,66.695038
273.239502,139.119232,74.978088,58.881657
266.926788,143.294693,71.852989,53.718288
263.154480,151.700348,71.012383,51.546009
243.406174,150.053757,72.794350,55.006470
225.896133,148.686295,69.515839,56.153442
208.099335,148.575607,68.458252,58.461628
191.741882,138.913513,69.068062,58.610001
175.971375,135.379501,67.944702,61.796093
160.239777,136.343384,70.205246,60.156082
156.947357,136.417923,69.525459,58.129677
164.217224,133.043701,70.223320,60.586472
175.378464,125.207916,67.635315,53.575108
187.962036,130.215591,61.652267,48.963989
182.173187,139.446793,66.923767,47.739899
194.511047,141.262741,66.327171,48.125294
210.678558,138.819519,66.608025,51.741226
227.232452,142.362396,65.848892,46.238171
254.577850,144.649231,60.008366,48.063480
275.366821,143.998016,57.770187,52.599270
291.843201,145.748901,57.233780,51.307949
301.141113,149.661362,56.066216,46.857510
302.053314,149.269592,58.019711,46.471119
302.488586,147.570953,55.295258,46.993187
315.478180,142.192749,51.160706,47.358341
328.999725,140.633072,54.861977,47.429741
324.000000,118.199997,65.800003,50.200001
334.200012,134.000000,66.000000,50.599998
337.465576,164.080154,52.341080,46.021458
333.020660,161.488922,56.923374,47.952553
328.403259,158.884811,55.059864,49.676857
328.704712,156.682709,55.199387,48.984249
322.819580,150.892120,57.417179,49.253311
324.867401,144.171082,57.884262,46.844818
322.740875,147.895447,58.195385,49.802040
321.923340,153.728485,57.552540,48.444809
304.142975,153.400299,57.977959,48.126213
300.907654,157.926712,59.063873,48.066444
302.159058,162.706009,59.745483,46.243813
302.233063,161.378830,57.006138,48.006927
322.762604,162.590027,59.241310,48.510555
327.310547,159.662613,56.969669,44.983570
325.936035,168.551956,54.847839,45.494263
318.208557,166.908859,51.401791,48.771267
308.326141,163.320984,55.397762,46.819023
295.629639,159.870377,59.271362,46.025608
295.383575,162.404892,58.254444,46.326996
304.505920,161.478806,59.033516,46.687553
327.350098,166.557755,50.988167,49.839092
325.185455,171.501862,51.274342,49.942932
317.994690,169.123871,46.019966,45.044525
305.062408,171.636688,45.588123,47.858948
280.372314,170.043213,50.386051,46.680302
262.615723,170.725266,51.563931,47.676792
240.640274,170.133301,53.771580,49.334679
229.215042,171.039108,51.177517,44.288601
223.740845,165.598267,53.189693,45.044209
229.790482,163.775177,50.414223,43.920094
239.330627,158.762405,51.368973,48.898685
252.305771,154.403931,56.403168,44.524376
269.852356,154.846298,58.713356,40.719276
288.273041,160.557465,56.076389,49.799545
308.284149,168.765366,53.746292,48.252068
321.735138,168.133728,48.218472,46.603855
332.919098,159.932175,55.224785,48.564938
338.722717,155.575607,57.573601,43.324944
339.470856,157.712204,54.701881,45.676140
341.582123,158.377594,52.657749,45.987198
360.894958,167.495941,50.451271,49.134357
370.614838,165.112793,52.815071,46.540985
384.217529,161.232269,55.871353,48.439533
395.505005,164.753342,51.171291,46.660221
387.741028,182.472702,49.107265,49.375332
366.834442,178.401291,51.780342,52.816742
352.845001,178.900497,47.105541,53.436577
331.706451,186.220764,49.428089,54.928326
2
0
0
0
0
1
164.040680,198.672928,44.868664,64.890129
163.953217,203.061462,49.692474,66.968628
172.871826,203.651535,57.245552,72.323341
195.769363,209.365417,54.370674,70.043594
221.842834,212.384552,52.769394,72.640221
243.387817,215.369217,48.541569,73.323212
272.399994,211.800003,44.200001,69.400002
299.323456,211.910324,57.694221,73.974419
328.635651,204.329056,52.836655,74.360695
319.386108,205.149887,59.751881,77.742378
313.960480,201.235046,50.596085,78.537193
308.600006,203.199997,45.799999,71.400002
314.000000,210.399994,45.200001,70.400002
344.000000,189.199997,45.799999,71.599998
353.000000,178.199997,45.799999,71.400002
335.200012,173.800003,45.599998,70.800003
309.416626,189.109711,49.781017,68.092010
298.600006,186.600006,46.200001,71.199997
285.080139,193.170029,48.354801,68.474152
279.818207,190.397430,48.958389,68.119957
307.488617,189.404938,48.997192,71.673637
2
0
0
0
0
1
302.871185,186.310486,74.675575,73.728714
300.845062,185.815750,75.011711,72.151711
295.724945,185.007538,73.486710,71.697983
295.481323,181.912827,65.908920,67.875969
281.056763,171.549500,68.960197,66.487221
275.283752,167.906998,65.951019,62.237907
269.384552,163.482788,62.481556,62.253876
271.285278,157.053604,57.673222,62.146923
238.399994,148.600006,69.800003,68.800003
2
0
0
0
0
1
269.924011,161.712738,49.151093,57.280697
272.901611,157.697571,47.303497,58.408882
281.200012,156.800003,48.200001,56.599998
275.399994,154.600006,48.599998,57.200001
2
0
0
0
0
1
382.219635,168.532593,55.649498,46.610786
371.284485,186.544159,64.763344,48.133442
368.342865,181.566696,62.123543,47.149029
372.985779,176.674591,61.774696,48.320614
366.504456,170.758545,64.678146,50.170090
362.482513,170.078644,62.976562,50.316269
366.688690,170.403015,66.578354,52.901302
375.915283,171.807724,66.848244,52.664227
380.250458,171.788193,62.317516,53.091331
370.992035,170.761108,61.672718,50.802616
372.332458,173.730850,56.990040,49.442463
373.665833,189.609238,63.833431,46.615623
399.559113,199.164795,59.516537,48.792801
