1
167.334198,63.774918,86.050438,62.473236
133.800003,88.400002,81.599998,62.400002
101.800003,92.400002,80.800003,61.799999
78.400002,111.000000,81.000000,62.000000
58.200001,114.000000,80.599998,61.799999
57.799999,128.800003,79.599998,61.200001
58.000000,141.000000,79.000000,60.799999
71.599998,146.800003,78.599998,60.599998
111.198273,153.449234,75.841408,61.424438
138.770950,151.630707,82.558784,59.376114
166.199997,131.000000,80.599998,61.799999
210.462708,131.919891,74.750023,63.252232
244.842545,129.701218,67.308754,61.935371
267.604401,132.460342,69.313942,61.165672
289.378571,139.112854,85.092636,64.632034
306.088287,135.178802,85.691704,64.550713
296.217377,145.142029,86.796227,66.599548
306.772614,140.793930,78.873192,70.414192
329.766418,151.353714,77.377121,71.983894
359.181610,156.529083,81.175644,69.477798
370.998199,165.864227,82.203049,70.346428
377.291290,181.297607,75.670341,63.417702
381.466064,185.614639,68.282066,62.582497
384.449402,182.359756,69.987198,61.816982
374.881775,165.308258,69.835999,61.230888
353.335876,147.104477,69.691055,66.693764
324.340210,138.223328,70.445007,62.862373
291.570862,136.893036,71.723892,58.277290
273.651031,144.555283,72.785095,53.614777
267.842316,144.979568,70.550224,51.028877
262.713531,152.827164,70.655930,50.929131
243.811676,151.345688,70.913391,53.142834
226.395615,151.744446,67.217621,55.600521
213.307434,150.756592,65.355675,59.135460
194.116058,141.545502,65.831192,59.416397
179.093170,136.661987,63.089127,62.827156
164.104507,136.293640,64.970726,60.457062
162.213028,135.384415,62.233459,59.955578
164.723175,131.603348,67.214554,58.147739
175.834473,124.212234,66.726059,53.615047
187.524078,128.848785,60.265121,49.875076
183.403793,138.324936,65.018303,46.448143
192.834015,144.892090,62.945160,51.938866
214.675858,141.215637,59.894836,49.705917
234.317551,143.700760,58.128136,43.789730
256.051361,143.911423,57.636982,48.404358
275.201996,146.372498,57.323181,50.356522
293.960876,146.419540,55.152824,47.044151
303.843445,151.910614,52.724068,43.777004
304.009705,152.345078,51.978176,46.010838
302.755341,151.759430,52.444263,45.119049
316.790344,139.199692,50.589970,46.439556
330.399994,119.199997,66.000000,52.400002
332.000000,125.000000,65.800003,52.000000
333.399994,129.000000,67.000000,53.200001
341.200012,127.599998,68.199997,54.400002
346.399994,128.000000,69.000000,55.000000
344.600006,126.400002,69.000000,55.200001
345.000000,124.000000,69.000000,55.400002
342.799988,128.199997,68.199997,54.599998
347.200012,121.599998,68.199997,54.400002
347.200012,123.400002,67.000000,53.200001
345.799988,125.400002,66.599998,52.599998
345.799988,120.800003,66.599998,52.400002
346.399994,121.000000,67.199997,52.599998
342.799988,122.000000,66.400002,52.200001
342.200012,121.800003,65.199997,51.400002
347.200012,127.400002,65.800003,51.799999
349.799988,126.000000,64.400002,51.000000
353.200012,127.000000,65.400002,51.799999
353.399994,129.199997,64.800003,51.200001
351.600006,129.000000,62.799999,49.599998
357.000000,123.800003,62.400002,49.400002
358.200012,124.599998,61.000000,48.400002
356.799988,124.400002,60.799999,48.200001
358.000000,129.199997,60.799999,48.400002
361.000000,129.600006,59.799999,47.799999
2
0
0
0
0
1
231.483932,166.037064,41.892212,52.998863
235.129333,164.969910,42.309761,50.205593
245.261871,160.866348,42.015190,55.698402
255.455307,153.395508,47.142971,57.806110
267.799988,156.800003,43.200001,51.799999
293.131744,164.536285,48.400158,53.022976
310.811340,170.558655,46.655842,54.854759
319.694427,171.585419,48.423000,53.527962
335.382111,161.128143,48.365276,57.067215
341.690216,156.253250,47.154812,51.600536
344.490753,156.742722,47.454849,54.603912
347.354248,157.997238,44.007130,56.304684
369.363495,168.481659,40.746582,55.449894
379.200012,166.399994,43.799999,52.599998
396.600006,168.800003,44.000000,52.799999
395.600006,175.000000,44.000000,52.599998
389.429535,183.380066,46.438023,60.386261
368.732513,182.473633,50.910847,59.816231
353.272400,182.855011,45.808422,57.387100
344.473938,186.444168,36.981319,58.151653
2
0
0
0
0
1
164.567001,199.037094,43.524574,65.254974
165.708145,204.044006,46.183228,64.794655
174.078003,202.911255,53.107784,72.828918
195.051636,208.026703,52.088444,72.736038
219.803101,211.585358,54.122665,76.304497
244.515808,215.667587,45.978451,73.666016
271.600006,211.199997,44.000000,67.800003
292.065216,215.033798,59.738716,67.407631
314.011169,208.734543,59.605965,71.591011
320.794342,204.807465,57.343613,78.657967
314.706085,203.574585,48.205402,74.302292
307.799988,209.000000,43.599998,67.800003
313.200012,213.199997,43.599998,67.599998
318.200012,195.800003,43.000000,66.400002
313.600006,169.800003,44.000000,68.000000
336.399994,175.000000,44.200001,68.199997
319.799988,186.199997,43.200001,66.800003
293.600006,191.399994,42.400002,65.800003
287.200012,190.399994,42.200001,65.599998
289.000000,188.800003,42.400002,65.599998
306.062042,190.793671,48.064888,68.902458
2
0
0
0
0
1
302.825012,186.646240,74.662430,73.114655
300.774231,186.561523,75.451866,71.504570
295.897736,186.369949,72.780144,69.996223
295.103943,183.145035,66.030907,65.408356
280.420898,172.242584,71.140350,64.235458
275.794159,168.145126,64.950737,61.854179
271.475464,163.971786,58.627953,60.376640
268.200012,153.199997,72.800003,71.199997
239.920044,150.826004,60.778023,66.639374
2
0
0
0
0
1
270.040588,162.161896,48.588707,57.279499
273.877777,157.739090,46.600395,58.432159
280.200012,156.199997,49.599998,57.400002
279.000000,154.000000,49.599998,57.400002
297.799988,165.000000,50.000000,57.799999
328.200012,162.199997,50.799999,59.000000
356.000000,156.399994,51.000000,59.599998
383.600006,138.199997,52.000000,60.400002
375.399994,137.800003,51.799999,60.200001
400.200012,155.399994,51.599998,60.200001
401.461212,167.742691,51.174549,56.713112
393.338715,187.089584,53.444225,56.441601
381.750702,182.486908,59.375347,58.521332
388.207520,175.616516,56.523022,64.692734
388.792358,172.281082,50.422726,62.209991
380.657623,173.498535,52.611393,61.278191
392.799988,174.000000,51.799999,60.400002
395.917419,176.787872,53.902782,59.510345
398.280609,174.389511,53.020603,56.244938
379.077789,179.136688,60.118179,51.097244
378.710693,179.591614,55.139313,55.528763
385.624390,191.825912,59.784332,61.430779
388.250854,204.096573,49.732956,45.848724
