1
193.769562,28.303467,79.303513,79.237198
193.333893,27.614975,79.772141,80.514999
192.988220,28.576374,81.203354,79.078743
192.980072,28.291153,80.640236,80.261398
192.871765,28.133476,79.620148,80.248306
191.919525,28.744781,79.618317,80.177933
192.108093,28.910236,79.557083,81.208717
192.223663,29.656620,78.809776,79.951591
190.651901,30.357697,80.244194,80.182053
189.230560,29.970585,80.242622,82.425026
188.807083,31.076633,79.758034,82.328148
188.963806,33.084148,77.748596,81.894035
187.676926,35.504757,79.147064,79.438393
188.064026,36.857304,77.719269,78.610176
184.771408,39.044151,80.714752,76.260254
184.990051,39.806763,79.432022,76.216232
183.953384,41.480240,80.770966,76.394943
183.609894,41.811485,79.537781,75.948944
185.388840,43.476658,77.937843,74.414558
184.006195,43.607891,78.704407,77.368050
183.175568,46.289421,79.361435,75.833481
184.594635,48.552353,76.524521,73.466385
183.700302,49.508408,77.546448,75.103958
181.986954,54.534767,78.324036,70.741425
182.963470,54.191029,76.554283,72.900078
183.144028,53.985020,77.734581,72.389244
184.065613,53.724026,77.281693,71.872841
185.185760,54.932880,75.725525,70.552345
186.086441,54.200459,75.581657,69.304588
187.422272,54.632435,74.524277,68.821693
190.648224,55.943871,71.798531,68.509888
187.939926,52.585339,75.877174,68.463982
189.945984,56.811939,74.818344,66.312920
193.149933,55.392803,71.706436,69.147377
198.642532,55.421909,67.838249,66.967247
201.240524,51.402618,67.694511,68.902893
205.885651,52.144699,65.778336,69.934097
205.001801,55.508804,65.237076,65.146805
209.382141,55.054478,63.050034,67.388542
210.003174,56.729836,62.401665,66.850098
213.936478,58.931694,59.861385,67.057007
214.024994,56.098217,61.328888,69.386711
216.113647,58.025288,59.477829,67.159142
216.924683,57.746601,61.459141,68.302040
220.135620,58.833881,58.859341,68.195763
218.406845,56.011414,59.988808,70.662659
214.751053,54.455536,61.103748,68.755859
215.687164,52.705940,62.545696,71.305817
212.755554,52.207043,62.953236,70.511223
213.411774,52.445839,61.722763,69.946213
214.676575,53.190742,59.253166,68.968399
212.307648,49.499966,60.844681,68.540352
210.151764,52.028320,60.455070,68.824036
204.589920,49.500301,64.494072,71.379768
202.633301,54.051582,64.876823,69.632965
200.760544,50.188297,65.150612,71.993599
199.463470,45.946255,66.396233,77.088676
198.654739,45.633911,66.399895,75.421463
200.579987,49.746578,69.722694,72.456932
196.270538,50.152519,68.315742,75.139481
193.640747,49.830799,69.712799,75.212990
196.579758,49.643700,67.772484,73.161804
192.741531,52.729343,70.443367,70.431908
191.563629,56.310295,69.540283,68.623138
186.437241,56.783974,71.678040,73.080750
183.203415,57.798794,71.026894,71.044975
179.124298,59.821293,68.280167,72.981270
177.465088,59.136227,67.992332,75.987953
173.132965,64.419174,69.143814,72.566605
166.093369,59.447018,73.454926,75.085838
161.415771,62.149113,72.353874,74.982552
155.953873,62.121536,71.642052,74.645706
152.084717,64.664124,71.070709,73.495277
144.071213,66.550842,75.047516,74.384979
140.955307,64.360535,79.021271,79.531319
139.187180,65.058662,79.881538,82.737579
136.953049,66.973877,77.724426,80.397110
137.124084,69.086403,77.093262,80.001816
135.105408,72.509239,75.740456,77.111786
129.243439,74.953850,79.595459,75.195831
124.471619,74.405075,82.162170,75.773506
125.108795,77.434860,79.242279,76.556808
125.042061,79.235199,77.748856,75.869484
117.323212,79.618538,84.251740,79.195389
116.996010,82.169266,85.145920,77.499855
115.099915,83.412720,84.369591,73.870255
105.429306,86.450905,90.223206,77.548401
107.536057,86.347748,88.033928,77.703163
104.054085,87.684250,86.989548,80.153725
101.269661,93.693802,84.079269,75.365540
97.655548,93.284637,87.922699,78.442909
97.100380,93.776443,87.440018,79.466064
95.076607,97.226662,84.556442,77.653641
85.753693,99.889603,91.749573,81.406799
91.634041,104.231995,86.931107,77.016457
84.902939,103.848793,92.572205,83.647079
81.828957,109.520775,91.605972,82.535995
84.772102,115.136368,89.096909,79.426720
87.703346,118.923462,84.804764,76.141319
86.399117,119.751556,87.717300,75.189049
86.128494,120.358032,86.614113,75.061531
83.149628,116.646744,92.112640,80.086876
83.687714,123.677994,86.161690,77.948158
84.743011,128.514145,86.685249,73.344749
91.739754,129.619263,84.924301,70.798447
95.391449,130.987610,82.808899,69.133728
99.370911,131.454758,82.566322,69.506721
105.216599,132.718872,80.360710,65.807472
107.208389,132.170700,82.552521,68.899345
112.912018,130.866577,77.212791,67.780014
122.508804,123.818100,72.805565,72.009033
120.264435,118.878281,78.235237,74.091011
125.878670,118.803177,72.164169,73.457787
129.512573,116.131775,72.041901,72.171440
129.091766,115.047195,70.145584,73.196312
131.038086,114.707207,71.934013,70.439133
136.365921,112.896896,70.740288,70.282570
139.827774,112.297440,69.585091,72.769478
144.190048,109.442116,70.566216,74.852371
151.129013,99.711792,71.590576,82.585991
155.615448,97.297668,68.399994,78.355965
159.550385,94.473320,67.123978,73.761124
164.273514,89.569046,67.591187,75.815239
173.981094,83.000961,63.959141,74.466492
178.935242,69.161209,67.876823,75.261528
179.533936,67.226151,69.095711,71.751801
190.100159,69.574493,68.828384,73.824043
189.614517,69.774086,71.370522,69.878159
193.221970,64.267761,67.478546,64.459320
195.056534,58.265705,68.103035,68.253609
197.602081,59.733765,68.104378,68.623444
198.736115,60.837975,69.937881,65.143875
204.016052,65.993881,69.462265,70.997108
210.714539,69.318054,67.932579,70.908913
218.580017,72.432549,67.263763,70.938019
216.904236,71.514206,62.615208,73.657082
214.278976,73.232071,67.184441,71.010376
218.758377,78.049103,65.769157,69.394577
217.800003,81.000000,68.800003,70.400002
221.823090,73.176346,64.072830,71.346291
227.273773,80.355072,63.125057,72.746521
222.129807,76.470840,64.283997,71.174767
225.482452,81.488235,65.587296,69.199966
225.337555,84.887497,64.135612,71.324379
223.687866,85.425591,62.945915,70.776199
222.389084,84.400658,66.339836,70.709808
222.470154,88.129868,65.451530,72.576126
214.066132,90.795471,69.465614,70.982430
212.345276,79.766571,70.264839,72.216469
214.654663,92.500793,68.459335,71.403816
213.042969,88.587509,67.340828,74.429192
213.142090,94.650764,71.477974,74.520767
213.574417,109.206741,69.725533,71.305183
206.995621,95.274399,70.248299,70.143944
212.389114,111.578583,73.637321,74.061462
202.000000,90.599998,75.599998,76.599998
206.329468,92.089989,70.609634,72.804733
207.083008,126.108231,60.935974,70.854889
211.500793,132.732483,62.041435,70.030479
205.842514,132.771286,62.859509,72.368835
205.811722,129.275177,62.380405,73.356285
211.579803,137.002029,61.756516,71.016060
205.637115,141.551559,62.628212,70.257912
210.594086,143.048157,62.335758,67.653694
213.055923,141.254715,63.633327,69.570381
212.384262,140.210022,62.982513,69.865189
213.141693,142.281021,62.870434,69.386864
212.304611,140.473480,63.524902,69.597366
212.240295,141.099106,62.439682,68.587433
212.454712,139.203522,63.796837,70.205193
212.359283,142.622650,64.267151,70.700706
206.423904,145.565247,64.206421,68.768906
210.548172,141.983643,64.027344,68.929733
209.664886,141.780197,61.960758,65.966553
209.507492,137.812073,59.727077,65.156662
206.768814,133.411102,59.787823,63.769562
203.615250,137.340454,62.405247,63.888973
201.295807,136.833237,60.646439,62.299435
198.006027,136.896194,61.220303,62.737354
194.319229,132.293930,63.948967,65.413261
192.526550,127.563583,62.223045,67.233124
195.441818,130.882812,61.396465,62.145855
189.365417,129.387299,62.458000,63.063057
180.014984,127.079010,60.601135,64.502205
175.770020,119.026367,57.660183,67.115852
173.783096,117.006790,56.437469,69.782684
173.290283,115.472214,56.316856,72.214989
176.228073,115.805618,56.670677,74.641685
170.891083,109.359390,56.871197,73.952843
170.185028,105.783081,55.892044,73.883446
165.757111,101.114517,59.122490,75.126884
161.996918,99.982513,60.439907,73.425743
158.522430,100.021751,59.239025,69.674911
153.246902,92.790298,59.610741,69.269714
148.688522,84.192825,61.696095,72.449600
144.129578,86.185295,61.197712,69.121841
135.436066,80.757355,66.419739,73.078926
132.433807,79.682358,64.989868,69.741821
129.571960,77.996552,63.920841,70.319969
123.755898,74.368332,67.463638,70.673500
118.185020,74.643860,67.746597,67.983536
117.563461,74.566933,67.444664,68.410126
114.368988,75.204239,69.186333,69.026215
111.843826,73.618706,66.233643,67.235229
107.619827,64.961494,64.562653,72.766327
104.074905,57.557381,68.130882,78.167801
99.505516,52.968868,71.539383,79.735588
99.214447,47.214638,69.636444,81.493011
97.537605,43.979202,69.193100,80.618225
93.786774,41.940746,72.257820,82.431725
93.208710,40.845661,72.078888,82.728111
90.515656,37.744125,75.918480,86.083755
87.258926,43.784222,74.099152,75.163551
79.981812,39.724976,77.965752,75.922470
74.156464,41.570496,83.809151,77.695297
66.537781,38.000896,80.538513,80.644463
62.202957,39.098408,81.552078,81.036644
59.463543,38.874092,81.115013,80.879196
59.757832,40.084942,86.186012,82.309303
57.897480,41.118130,83.493416,81.974922
54.932056,43.310917,82.726723,85.396812
54.880817,45.471851,84.064674,83.816795
53.005520,49.828602,79.917534,84.027748
51.597084,50.663769,85.174225,81.793724
51.759079,51.438698,86.591568,85.475052
55.017204,52.115974,85.076706,84.914581
54.505283,55.104656,83.988976,86.981712
59.139137,53.902142,84.917816,85.047386
60.615406,59.072815,85.765160,84.513962
58.400398,61.348957,89.145721,86.836723
59.745457,63.776688,90.084602,83.205643
66.656258,60.933598,93.010635,84.898598
63.147133,64.833542,97.778015,82.459282
66.326050,62.387486,98.511803,85.892799
69.831116,61.313843,96.266930,86.793503
74.544891,62.143124,94.277962,85.755089
75.777481,63.581532,92.288788,83.727165
70.424683,61.887783,102.000496,88.360954
77.969620,60.702358,98.364716,86.359642
81.554199,64.138504,95.138939,86.699066
80.089874,61.993385,98.536766,88.528732
84.685516,64.713165,92.320045,82.502251
94.595078,66.363739,85.682617,81.207283
93.482330,68.696472,89.027039,83.699638
97.591736,66.233200,87.604530,83.728844
92.419861,72.121384,94.195312,82.225853
91.899902,68.211578,96.310577,87.051987
97.165588,74.217072,92.102852,81.707848
97.952179,74.140976,94.510674,83.465202
103.101669,74.525269,93.449211,80.191368
107.527039,77.822083,90.683136,77.684120
110.429047,80.440910,94.355843,81.183884
116.296936,86.451370,88.089417,80.004509
118.910065,88.209030,88.203766,79.820274
120.000488,81.563438,94.514717,82.872589
123.595428,79.521103,95.839684,88.516853
133.849182,90.389236,87.847794,83.629578
135.269882,85.073242,93.473824,89.798515
134.608185,86.078674,94.803055,89.999603
149.361984,92.102242,88.716240,92.795395
152.574219,96.832901,82.522087,81.029022
153.653931,102.278679,86.062241,81.247574
159.465424,105.351608,84.056366,80.112068
166.544434,105.045303,84.278374,80.525024
165.525955,103.773346,83.812538,80.531136
169.980530,101.875839,83.536880,81.481117
175.827087,101.221222,82.799416,78.973145
177.638824,109.505524,81.984337,79.350853
179.709778,111.479156,81.779724,80.047112
184.376129,116.345184,77.122482,78.018219
183.700867,118.323242,80.101227,78.809074
184.054535,109.087494,80.858063,77.955193
223.568100,119.404266,80.298615,72.199432
230.861191,149.971481,90.791725,76.606346
223.990067,122.486458,81.186371,75.120224
238.272507,155.644867,84.330597,71.237709
214.610077,119.765411,80.191284,77.720573
217.052094,120.823471,82.720711,78.856041
215.198303,115.090347,78.230728,79.439888
213.438095,119.521286,77.856758,83.041527
218.419220,116.925735,78.011040,83.917175
229.043701,129.620346,81.952446,85.137939
226.915817,129.095886,87.884552,88.009193
230.507812,126.806976,89.517639,89.806526
226.071518,120.670151,88.329498,93.690529
225.479095,109.947845,88.631950,96.794952
228.158508,106.576477,86.737907,96.796135
229.710342,98.339676,86.579315,90.276131
227.345856,89.869469,85.753357,86.179001
226.166443,81.800705,84.622978,86.408096
225.703735,69.385376,83.454468,85.725197
217.564636,65.841331,89.075851,89.423233
205.222214,65.244034,88.905006,79.951309
208.105362,59.922066,87.201714,82.197449
199.597366,59.241531,87.230125,82.111237
197.658264,55.525597,82.768173,79.355911
192.016388,49.297226,88.472679,83.739563
192.664261,52.428368,87.547119,84.966949
195.990967,54.225861,85.165642,80.963959
193.179245,53.673176,88.226562,81.670753
191.007172,54.364567,91.160591,84.183098
187.127960,51.030575,89.033081,82.046928
182.077545,50.072468,89.715240,80.921837
180.385376,49.920692,83.562653,77.746323
171.289932,56.855724,80.067841,74.477943
167.686691,55.708042,77.864571,77.276054
162.818481,59.494865,77.645096,78.553940
158.556488,58.106476,75.166725,78.685028
150.661682,51.052780,79.980667,81.836105
145.205154,59.119316,80.954353,79.403122
141.012924,58.148346,79.471931,78.708237
138.617645,57.329601,76.629471,78.158745
134.774689,57.427921,78.966354,77.362907
133.388718,55.783813,79.278313,75.630066
128.797394,58.452415,78.990265,75.448471
125.658447,55.699463,79.228951,77.151337
128.433533,55.541859,75.720909,75.631828
123.461853,53.033821,77.546013,76.631836
124.469627,52.459888,76.062271,81.973869
121.682556,51.507469,80.629921,81.159775
117.197388,52.501789,80.341576,79.246330
114.213623,51.887833,80.536964,80.164520
114.062225,52.390018,82.028297,82.032768
113.056946,50.233562,80.076599,84.161980
113.523453,49.403877,80.843056,84.898788
