1
193.301178,26.996777,80.051239,80.926170
193.786514,27.628670,79.274361,80.202988
193.598175,27.778049,79.658127,80.142647
192.939560,28.697754,80.192574,79.417358
192.421921,28.334667,80.120918,80.906639
191.908356,28.542191,80.240280,80.663284
191.958038,29.139954,80.428329,80.057114
191.373611,28.711361,80.206932,82.370445
191.640472,29.471092,78.292870,83.037979
190.730621,29.134487,79.183014,84.801598
190.819061,30.645004,78.339401,83.763794
189.848434,31.987896,76.520081,82.907722
188.605927,32.617779,78.654633,84.662865
188.847290,34.837875,77.766647,82.889282
186.949524,36.877766,80.304161,80.679359
187.102005,36.976658,78.856750,81.643913
187.511078,37.946880,77.982651,81.818733
187.581375,40.078480,76.246178,79.202370
185.742264,43.534447,77.925446,74.715637
187.719772,41.267601,74.313911,81.255127
186.996689,43.961800,74.667992,79.858002
184.259781,48.652950,77.443581,76.843163
185.981476,47.502850,75.410141,78.619087
184.361008,48.032513,77.601021,79.744911
182.484344,50.677639,78.756950,78.994560
182.784637,50.554798,78.435287,78.384773
184.354492,50.958893,76.498375,77.331680
185.487427,50.342083,76.681419,77.037971
186.276184,52.552406,76.637077,75.337570
188.402649,52.520741,75.095261,73.649452
188.257782,52.294376,74.790901,75.308113
188.881348,53.821850,73.925720,73.551918
191.552063,51.966194,72.564804,72.792297
193.860687,51.624096,72.766891,72.383949
197.652985,52.766693,68.859566,72.535355
202.153198,51.630806,66.583183,72.599426
204.732040,53.517498,66.319664,69.748528
207.940613,53.338512,64.409439,69.601875
208.473846,55.118725,62.836834,68.192177
208.772873,52.709290,64.972900,71.087463
210.096954,50.845226,66.131142,69.593330
216.130051,54.123333,60.183842,66.873100
215.059998,58.692944,61.183765,68.776253
212.789841,54.763733,62.502888,67.954834
219.323029,57.622875,58.624352,68.845390
215.267624,53.510658,60.329510,69.143845
213.076401,51.484169,62.342186,70.842300
218.332291,57.320217,58.935051,70.729820
213.351364,50.344070,61.882473,72.857544
213.857010,52.653275,62.049946,72.973740
210.914719,51.335236,63.491508,72.312363
208.944244,44.160458,65.605934,75.789818
205.620667,41.583324,65.472397,77.487114
204.684357,42.139511,65.675423,75.430252
203.711105,41.687416,66.555946,78.015427
200.989807,46.217438,66.957504,75.456055
201.364914,40.011272,65.705666,75.289116
198.876892,45.351265,66.773415,75.579193
201.439575,41.285271,63.398529,74.674820
195.739365,43.757896,67.815453,74.863922
198.902405,48.229191,68.056900,76.964851
192.057877,47.936874,74.064751,79.096878
191.545807,48.599007,72.069260,78.617767
187.159805,52.765774,73.889160,74.039024
188.455292,56.514225,69.978867,71.785896
183.420441,58.640160,69.769745,71.863480
178.929657,59.000336,68.769653,73.283890
177.825531,57.811691,67.763680,74.446060
174.944427,64.579453,66.197884,72.233665
167.158646,62.648415,70.459892,74.383575
161.794037,63.996349,68.684517,70.928246
153.878036,63.621914,72.687813,72.441307
155.321655,65.892258,69.644356,73.131638
150.244446,68.882622,71.769150,72.164383
141.303268,64.505829,80.319756,81.978325
139.658356,64.839020,81.252922,83.122849
137.326263,70.525452,80.121811,77.208199
130.780380,67.718338,84.787148,81.038429
132.817444,75.404938,79.269302,73.680511
128.306656,73.476028,82.962494,76.246590
125.294876,74.002563,82.388062,78.097237
123.156754,73.910240,83.127312,78.055984
119.616409,75.283112,83.705505,81.500549
118.356934,78.276451,84.754234,80.226593
113.863235,80.331619,87.170677,79.805428
108.413170,83.748840,90.707596,78.056816
110.445984,82.605545,87.623840,79.228767
106.067940,82.241585,90.834885,81.399506
102.593094,83.863464,89.374420,83.539215
97.761429,85.468170,89.659599,87.885712
97.841599,91.539322,86.281090,81.567566
93.462555,94.668915,87.481590,81.229424
90.059418,93.320435,89.550468,86.659966
85.643433,100.712639,89.534966,83.653793
85.986649,98.766312,92.060951,86.452202
86.853638,100.187317,88.154388,86.387001
86.314651,102.499969,90.378151,88.636040
81.953369,108.442413,95.098793,88.288910
83.034531,113.947456,93.869850,82.112686
79.225441,112.482376,93.462418,83.191200
82.406235,112.416870,93.640724,84.289955
76.686417,118.160202,96.299240,84.634056
80.644333,115.925995,94.446983,88.548912
85.090057,125.983368,87.526703,76.803459
87.853424,124.789337,92.304169,76.910225
91.728561,125.901825,92.430931,74.259499
92.237610,127.889252,89.348457,76.476929
95.471970,128.996750,90.222267,75.064812
105.883621,125.289970,86.406242,74.887100
107.513458,120.436348,88.324707,80.911057
111.537064,118.294373,87.318138,81.368805
117.757530,118.851166,79.920242,78.135185
122.061562,114.762161,79.255417,78.925781
124.026352,114.396561,76.762787,77.339867
123.940643,108.486481,78.928040,84.977875
124.078644,108.808685,83.355743,81.158592
131.868774,109.308868,77.694382,77.847237
138.206085,108.828087,74.901390,76.775986
141.254654,103.024223,76.543610,80.805222
151.083069,103.037537,68.213470,78.045158
152.265503,94.490723,70.897324,83.884041
157.876801,91.314285,68.558754,81.407082
163.280853,82.994728,71.033920,82.646439
169.273743,75.379028,67.793518,80.007866
176.377319,68.354683,71.079956,80.189026
181.169418,66.188248,74.807137,82.666786
188.146423,64.642517,72.650284,79.981972
191.118225,63.279926,70.037354,79.641273
195.759354,54.960686,67.032959,75.014664
199.909897,51.135246,65.754387,73.917435
196.994263,53.178452,68.545341,72.257690
200.719391,55.935730,69.892288,74.550583
207.688705,60.314049,66.697998,72.706818
211.432312,65.728180,66.996170,74.568359
218.740112,69.269196,66.272141,75.040817
215.458038,68.962540,60.967648,76.624573
215.042557,68.381302,65.252998,77.368027
217.829498,70.777138,61.623081,74.503677
217.013397,68.435837,63.456997,77.047203
219.110001,67.487297,63.835735,75.820328
224.916351,72.534447,60.307518,77.056381
223.179184,73.415436,62.417900,78.548271
223.793747,73.470039,61.274097,77.545837
224.750122,74.280273,64.109612,76.217712
223.611832,73.937317,64.615265,81.648872
218.917969,75.575699,64.099876,78.671501
218.987091,82.882797,63.529961,76.203506
217.923065,77.239189,62.578064,73.658432
215.698090,88.823517,63.484043,70.237595
214.721680,81.955833,62.989616,70.893509
214.262482,92.127350,65.107841,74.306458
212.734070,95.351105,67.439636,71.783882
212.463181,97.427979,68.127327,74.943398
206.199997,101.400002,74.199997,75.199997
207.473694,95.763428,68.931427,75.965813
208.067184,87.364273,66.796265,75.427116
208.179810,88.138824,65.755348,75.692177
209.881744,87.151535,63.164974,73.290123
205.723801,130.522202,62.246063,71.910713
201.600006,126.400002,71.800003,72.199997
206.457520,95.583755,69.080910,73.701942
209.753723,104.664238,64.614433,71.019211
210.085861,93.511749,64.840187,69.171814
210.034058,99.337082,63.247593,67.375977
211.062164,96.715981,64.103287,68.163010
210.356476,98.843430,64.714554,68.116859
208.933380,92.847168,63.076603,71.644661
208.517914,97.701469,62.437820,69.311722
212.268326,96.756195,61.105213,65.665581
208.411880,98.625183,62.366940,67.417854
210.979965,95.963959,62.585598,67.317757
210.701492,93.849991,61.370533,68.505638
212.466858,98.755150,60.123119,64.874252
208.414001,96.601837,62.209824,65.914650
208.600555,93.539856,63.822472,68.344933
207.845627,101.974121,64.978188,65.520821
208.036270,94.280838,62.690742,67.055420
203.199997,94.199997,66.599998,67.599998
206.678802,99.420563,64.168961,64.044006
201.322968,97.839767,65.033524,65.522743
208.887238,96.436401,62.918755,67.551781
206.770599,94.870041,63.344086,66.123146
207.111618,97.068443,63.144176,66.208511
208.512741,96.738930,62.958885,66.854141
208.367371,95.671875,61.638885,65.316612
213.913239,99.496727,64.153435,64.085648
211.693909,96.929192,63.742435,66.526382
212.178162,96.640930,59.734322,64.684303
208.109512,96.895081,61.819538,66.690056
210.466217,96.345566,66.155853,67.618202
210.248947,96.753555,64.419456,66.078514
208.560165,101.725227,66.158348,64.403214
206.511795,96.934509,65.287132,65.219391
2
0
0
0
0
1
109.451241,65.674835,74.177841,100.713341
105.647552,63.707989,76.367104,101.790672
102.749588,62.250359,76.210693,103.137100
101.514275,60.077091,77.214767,106.145760
102.132996,60.361698,74.531487,105.228157
101.832642,57.780174,71.081024,104.108871
102.000000,63.799999,70.199997,92.400002
104.506622,55.477013,70.783508,102.138916
103.412292,54.957233,68.715599,102.740730
98.955124,51.387325,71.089897,104.454826
101.450279,48.786556,70.461136,104.838356
104.229904,53.150105,69.335724,103.297279
106.998337,56.978065,69.440796,102.502151
102.188431,50.484703,70.710747,102.224838
99.465256,52.533752,70.616371,100.047180
95.974106,50.120235,74.959602,105.315880
103.453918,55.351601,73.455788,99.668259
103.247681,55.545380,71.295692,98.180176
105.313904,60.742699,71.005890,98.673462
104.461243,62.664684,69.181732,96.372307
110.963898,67.018402,67.245270,92.294121
111.662704,67.573448,67.198387,90.579544
109.423920,71.496979,64.427055,88.209961
107.022995,65.477325,68.163177,92.989044
110.777985,67.225525,65.899292,91.056862
110.870682,66.770859,65.747284,91.326294
106.606667,67.210014,66.661057,92.061188
107.768631,63.852341,68.155212,95.604507
107.604843,63.516407,70.005066,96.731483
110.318237,65.509918,69.750771,96.051720
104.592590,64.603851,73.381897,99.006775
102.589737,65.232658,75.422119,98.164246
102.088135,65.949585,77.933136,97.187286
106.201424,66.226547,76.236740,95.816803
106.163391,66.649094,78.692039,96.854294
99.950310,67.580124,80.294510,95.859749
100.826454,68.136856,77.613510,94.774300
99.708435,68.440720,78.165466,94.426743
102.169815,67.555046,79.188622,95.488861
102.618469,69.438370,77.573769,91.661011
102.009750,67.298859,71.200905,92.046631
103.449203,69.405586,74.967644,92.366760
104.722992,68.143677,78.943504,96.231529
105.414787,67.675171,78.898666,97.179024
109.358841,68.968170,75.920654,95.041725
109.640625,70.447433,73.197876,93.792404
111.092552,72.884628,73.621780,93.832191
112.764008,75.693748,72.051323,90.773880
112.495010,74.614479,72.257545,91.999023
110.789192,72.777222,75.645828,95.783928
106.383926,72.471436,79.733459,94.810280
106.620216,72.735092,80.882706,95.040062
108.577255,75.680634,83.833672,93.733620
110.321091,73.936142,79.414223,94.524887
111.718224,74.316162,80.380112,93.051140
114.593620,72.386421,79.447037,93.097076
115.858414,70.537079,77.913635,94.460289
116.895752,69.220306,75.114861,94.667610
118.781273,70.464767,72.357346,95.015594
116.546318,66.331444,69.417313,99.792618
119.553986,68.963417,66.653633,98.683182
115.297134,62.522499,65.991333,95.596329
115.879906,62.501099,67.352737,98.482468
114.738510,64.081833,70.536804,96.721680
114.294685,64.001816,69.718430,96.394707
114.351601,65.406242,70.867447,98.262802
114.190742,61.779907,70.912186,98.527603
115.964905,65.985855,70.634880,96.289734
115.532295,69.682549,66.013382,94.638611
113.241882,63.678886,67.033508,99.428009
116.298027,65.245605,67.471176,98.706848
116.278839,60.168217,67.147896,98.857079
114.919098,61.278183,69.801567,101.607513
118.305618,62.656174,69.332375,100.209778
2
0
0
0
0
1
206.249557,136.327484,101.049339,49.468979
211.844864,136.259155,95.043846,49.881962
217.753876,137.303192,93.551392,48.123207
213.199997,133.000000,103.400002,53.799999
221.884811,129.378143,92.775352,54.747925
223.786789,127.509827,91.198700,56.707520
221.395920,119.725937,95.266151,58.681175
222.571930,113.179718,93.312073,59.172146
217.631226,102.811661,92.301804,60.267551
214.269196,100.299713,96.882011,61.452400
214.650223,91.120789,99.693268,63.040554
215.300873,88.520233,96.985298,61.027672
208.842560,82.741920,99.723343,61.306473
197.934555,81.977203,108.975891,60.861046
186.672729,75.966400,107.685577,57.656338
187.512100,73.807198,104.288155,56.707630
184.127380,74.726219,100.332565,57.633327
178.924194,78.755226,101.575439,57.797825
175.655563,76.459877,96.988312,57.325352
182.656738,79.245132,94.833015,56.005264
184.708908,84.895706,90.094902,52.439442
176.595520,80.758957,93.711281,52.399864
174.530838,82.542168,97.276802,53.761791
170.878098,80.947792,96.202179,53.918411
164.320801,77.845718,96.901222,53.340843
158.689667,83.111832,98.835350,53.664963
155.311142,82.634445,97.433594,51.973289
157.891617,84.552383,93.104790,50.826221
154.600006,80.000000,100.400002,52.799999
150.440399,79.761795,96.674034,51.573143
149.689743,80.145340,95.593994,50.988026
144.853394,82.017731,97.060524,52.462177
144.932861,80.333252,94.315666,51.020931
125.610916,75.527611,101.053642,57.647690
116.636215,73.124573,105.804985,60.703693
127.102966,78.052811,101.496124,60.975342
106.843079,73.787735,105.928139,63.416748
110.543976,48.889847,105.322815,66.063507
111.807228,79.409470,107.878647,62.772415
108.644424,73.626076,107.515114,66.138565
104.900696,71.492439,107.585487,65.537842
104.409676,70.860016,104.396133,64.024361
102.420578,70.040436,106.196404,64.952377
109.492233,72.602119,104.936958,62.204067
111.676483,75.533089,100.770721,61.047436
109.182503,71.897919,103.964432,61.699348
