1
627.594910,276.158112,156.556503,96.213196
630.835693,277.072998,154.727432,95.438782
634.057922,276.784332,155.538193,96.671448
637.130371,276.302094,156.609497,97.669579
639.352112,277.307556,157.994064,97.387817
642.849426,279.290497,156.515503,96.374443
642.503479,278.817902,158.278152,97.150772
642.951355,278.343536,159.507233,99.931763
644.414001,280.653595,159.622406,98.117020
644.454834,280.792480,158.152740,98.623795
643.633362,281.290588,163.149078,99.266273
644.647278,282.458313,162.964813,99.256752
644.105713,281.628052,165.409363,101.172623
646.971741,282.615845,160.723969,100.648010
649.915588,283.486847,159.931412,100.685585
649.407227,284.089844,163.786575,103.224396
650.546204,285.183044,164.912994,103.457191
651.994568,285.819061,166.815018,106.249031
653.719727,289.949799,171.507996,102.123459
653.648621,290.459534,172.644638,103.221199
652.045715,290.395782,178.852509,107.013893
653.117859,291.246613,177.623795,106.927734
653.128906,293.750946,178.269714,106.101265
652.097717,291.873322,179.235947,109.822014
650.746338,293.358826,185.936844,110.209564
648.434814,293.252197,186.447281,112.060623
647.476807,295.362244,187.835999,110.969322
647.107422,295.661072,187.475845,111.382599
647.776611,294.596558,188.765778,113.321907
648.159607,295.258270,190.124023,114.397141
648.084900,296.762146,192.493851,113.382225
648.344727,297.646606,195.749863,114.017059
650.035156,298.218414,185.818985,113.030037
651.246338,299.112518,189.956253,113.850204
653.458618,299.391541,192.593658,114.598297
647.604370,301.084259,189.219879,111.868355
649.076477,301.404327,193.142410,113.188423
644.452148,300.899200,201.009369,115.042007
642.359741,303.811493,195.877289,110.768143
640.545471,301.978973,205.013458,115.073425
638.424255,302.430542,206.421249,116.253143
636.496216,304.092712,206.568741,113.636734
627.936584,303.930969,209.328949,113.496964
625.359131,303.442230,211.415207,113.376724
622.723816,301.808289,213.591324,117.143921
628.407715,301.689880,207.455124,117.129356
629.608398,301.722412,208.242249,117.930069
627.492004,301.522369,206.018890,119.596382
633.574707,301.778687,200.451996,117.164787
634.567505,301.085388,200.020721,119.619682
621.882507,301.891541,213.552124,118.536469
624.680542,303.015747,204.293991,116.731453
630.892456,301.767578,202.472763,120.555328
628.739136,302.114807,200.071991,120.066483
630.115295,301.744690,201.491898,120.661011
630.704529,302.496857,203.762680,120.261299
636.587219,300.023346,197.732330,124.509033
626.383972,297.704834,206.913071,125.223175
638.204712,298.615356,192.611237,122.426155
633.633911,297.441772,199.819687,130.465179
633.614502,293.787415,199.726837,131.641205
626.198425,292.556702,208.177567,131.829926
626.317749,291.252014,210.768967,132.924911
621.929504,290.360443,206.114136,128.156601
624.255310,290.349609,212.230621,132.545563
640.335205,291.631897,204.239761,133.525497
639.829590,291.404724,203.800461,134.040695
642.928040,290.980042,202.369049,135.298035
637.410400,289.572693,211.478836,139.033081
639.789368,287.519470,213.594650,142.755859
642.325378,288.183868,205.522461,136.787247
639.957153,286.936584,218.194702,145.594513
639.695679,288.266479,208.798767,137.571655
633.802612,287.293488,217.794479,139.238785
633.738892,287.775330,222.484772,141.480621
635.990234,288.057983,225.436264,148.402054
633.110291,288.364685,227.381729,147.418076
637.466248,288.028870,222.762451,145.479477
633.696228,288.753082,225.572891,149.953110
640.410278,286.946655,221.269440,148.920288
640.020752,288.585022,221.502808,148.280014
628.091919,287.444336,229.554260,147.359863
634.969910,287.407471,224.630219,146.846420
629.222717,285.330963,237.012650,152.923782
621.714233,285.630676,240.886093,150.940277
627.353882,285.855804,244.149078,155.702194
628.514343,286.871124,239.233368,152.003296
620.991699,287.772949,246.058594,151.574417
619.788330,288.969299,253.664688,158.085739
616.318970,292.176758,257.240936,156.777222
641.919006,290.945526,229.153732,156.286133
618.549622,292.958527,252.213043,155.353287
627.802551,292.291962,249.027908,156.375351
630.266479,293.897186,243.573868,153.324692
616.905396,290.132629,255.465149,158.401718
618.167480,291.285522,249.426285,154.225372
631.214172,289.718658,248.194717,161.374863
624.462402,289.231873,247.672379,155.191055
623.789001,283.510345,247.816299,160.248596
628.918945,284.008057,247.049133,160.220123
626.552795,283.709290,249.639877,161.015869
630.774902,282.110352,246.768738,161.731186
616.774475,282.021851,255.805618,165.497559
619.887756,280.826874,255.763901,166.515137
632.709534,280.719910,240.378876,165.977341
637.350952,277.176117,240.494720,170.682022
628.247498,276.414459,250.957657,170.516220
627.682922,273.251343,251.341904,174.770401
637.440308,273.269287,237.782776,170.664230
625.605286,272.134949,250.905960,175.013519
635.037659,270.783844,238.101700,175.432922
609.491821,271.510864,266.569031,179.801773
619.886780,270.530273,252.949249,180.612427
608.222778,271.239014,266.481262,183.189774
603.393372,267.943115,270.961182,185.714996
604.583923,268.871033,273.654266,184.780487
594.853699,268.838562,283.597748,187.949005
608.669312,270.573700,261.809906,185.806763
594.342163,266.814209,277.430450,190.978546
599.677185,269.696594,272.468506,182.435791
580.148743,268.113922,297.865845,190.364624
585.892212,268.302063,284.854462,186.971725
597.696838,267.642639,275.674561,183.754761
589.317749,265.554077,288.326233,192.031845
609.571167,268.918121,263.993805,184.550430
603.420898,265.153168,268.771698,189.733765
605.506226,267.272247,269.175842,195.378967
617.447266,266.323761,260.134827,191.233459
591.456909,259.490601,297.002838,198.236160
587.343506,257.648285,306.506897,200.404175
603.351501,259.227386,283.158356,199.628738
584.185242,257.631226,304.870850,202.084167
605.284973,260.933960,278.834625,201.162582
589.304443,255.232834,299.719238,212.255402
582.474854,253.809967,317.152527,214.370377
591.728027,252.547882,306.935730,219.576477
591.011353,251.483490,307.977753,220.058655
593.292908,253.472397,307.079102,217.302521
581.167053,252.558182,321.726929,222.807709
586.408752,250.276688,318.468628,223.916107
591.678711,249.543518,313.699524,228.569443
590.118408,247.341049,315.333038,225.963165
587.714966,250.185913,324.880920,232.362534
581.099854,251.965134,327.191345,240.578217
578.784851,246.165527,333.807495,231.259720
585.172180,244.864532,325.350586,238.596970
578.810669,241.534576,334.783325,240.675583
568.459717,248.519714,354.535248,246.449875
567.810425,246.735474,350.924530,251.331680
578.493896,247.351929,340.907013,256.551025
585.654663,242.606888,339.352112,248.237946
568.236572,243.177994,362.742157,267.763824
549.564209,246.302353,363.413513,262.703705
564.920288,250.075943,364.656891,264.027008
573.529541,241.457245,359.164856,273.940186
563.741211,242.202560,370.417267,283.567719
579.486450,254.306274,349.583710,276.564819
564.412964,252.416443,348.483490,279.737488
569.480591,256.415558,346.072571,278.714294
574.824036,253.013168,342.665680,281.124359
578.760376,255.782806,343.821777,286.265076
590.850830,260.829468,336.416962,285.759491
602.999878,269.005371,326.438965,285.438202
591.395935,266.883484,338.661499,290.271759
596.554199,274.030090,335.805206,287.291779
592.300537,270.063141,332.825928,295.892883
580.767761,270.786377,352.815063,300.192719
575.034668,273.936798,353.804321,298.004883
581.967224,283.742920,350.546753,298.358917
577.557312,283.797363,367.260254,305.648590
572.462341,274.825134,377.529022,316.498688
585.816345,285.650879,360.296265,311.988190
587.522339,293.042603,346.547729,307.408508
586.888611,279.539886,370.786621,331.663391
588.696472,282.774292,360.363922,332.212616
573.890869,282.005585,397.902954,342.208191
583.384338,273.232941,398.917389,361.481506
586.059021,258.891724,394.582886,367.722168
559.777161,240.669388,403.368622,359.542999
591.216003,260.237732,404.931366,382.702057
574.443115,240.874283,389.086578,361.888336
578.838806,241.739212,380.883545,357.255402
580.379333,236.242874,374.712555,353.960968
574.501526,232.671661,385.211273,356.920044
573.230774,239.779358,377.818970,350.012024
565.705933,238.685944,388.393890,363.630005
553.546753,233.063416,413.082062,384.414307
476.799988,297.399994,493.200012,305.799988
552.420471,242.565567,407.240570,388.208832
551.859802,255.451096,417.325897,397.564484
560.462402,267.892029,408.796112,390.336945
573.692627,280.177887,388.013611,381.968811
575.216736,301.321991,406.420013,392.724365
607.025879,303.921204,375.673584,379.572296
573.187805,334.447235,418.630859,384.425110
603.588989,329.244843,393.854858,382.614807
599.926208,357.145386,403.528320,369.302826
599.281616,374.204834,407.166870,352.027344
627.963013,351.997375,357.941650,344.722382
612.387573,368.246155,382.829071,348.903198
624.652039,370.127380,384.652100,359.225128
632.437134,385.058258,362.630890,339.760559
601.897461,397.721313,384.360962,336.420563
621.062500,383.185059,365.711975,341.987183
625.109009,381.311646,363.326843,339.314362
647.927734,335.789459,331.844055,303.547058
650.084534,381.929138,332.191620,323.762451
639.940674,355.303497,347.382385,312.183838
650.347229,371.436279,331.640472,312.520233
647.916382,376.289764,325.946228,305.479431
639.330078,384.777283,357.439178,322.141724
661.077515,376.196228,302.279816,291.156982
645.270508,409.273590,323.700470,295.006042
640.393005,419.707367,349.636261,311.992004
633.173706,405.105042,352.327942,319.155029
629.345337,423.037781,356.664978,304.902252
632.090698,411.748047,340.564819,313.429810
621.920471,407.918823,366.569580,321.918121
607.658447,378.695038,364.607025,330.826233
596.640869,399.303650,363.026062,325.565033
584.969604,395.887512,366.145294,328.711578
576.574341,406.266388,392.707092,327.699036
584.721436,366.409607,366.006775,335.318237
588.377686,355.629059,343.207458,313.886047
566.381836,293.805664,394.092651,317.665710
580.166565,303.097534,369.772369,313.366486
578.762024,295.211243,374.020172,304.014252
556.340393,309.611145,404.081909,316.803192
565.454346,294.401611,393.896393,310.074493
570.622681,308.505585,370.090729,295.210388
550.470886,326.852936,400.959473,313.512756
554.555786,328.372650,385.956696,299.121277
568.393616,310.408142,392.040497,298.933746
559.546936,336.903564,391.256592,295.096039
560.556519,352.592651,380.169647,281.441620
580.071655,325.821045,350.632874,267.400482
601.506592,258.287628,329.663666,290.583069
584.241394,243.272705,337.367706,296.555054
573.806946,249.699997,349.006989,311.025665
578.741394,252.136581,357.687958,315.937286
578.343384,260.187958,357.253723,311.094910
561.566162,301.920654,365.826477,297.662140
578.430359,262.943542,340.020416,304.782318
583.381958,224.707199,316.642792,287.408966
582.346313,223.599945,332.586548,298.407410
586.889160,232.616684,328.878540,304.536346
588.655396,240.436356,312.041687,294.370941
582.171204,243.945175,321.224945,315.362823
590.123596,235.523712,312.569000,306.753052
602.675293,242.985825,295.842834,303.467682
591.049805,246.425186,311.790222,318.730133
596.624695,264.621704,306.171722,319.069366
604.712097,259.703796,296.638794,303.818756
598.810913,272.673828,309.485657,308.548737
597.704773,273.145264,315.843628,315.027283
619.071167,285.306427,292.759094,304.050476
602.796326,288.905518,319.647614,310.144745
612.390991,297.122864,290.400818,283.585754
603.929077,307.006165,317.198181,303.551453
599.890259,323.191223,330.554749,320.794037
612.234253,328.577789,308.662018,315.360474
604.416321,339.276611,331.456635,325.899536
598.882263,346.221375,336.421875,323.909302
601.124817,361.562256,334.595367,316.209686
597.204102,366.741302,356.353455,330.594421
608.861816,373.202209,347.938416,323.975128
594.770691,384.151428,367.841553,323.454834
617.292297,395.721344,348.657959,313.295349
590.706238,391.734314,402.609406,335.253052
594.581299,401.213867,409.933044,327.892456
600.501221,405.351746,398.196930,327.552704
613.769348,414.997498,378.593750,306.989258
583.422791,428.896729,417.879364,310.656158
625.589661,434.119049,372.699738,282.640686
607.700500,431.945862,391.380524,282.680267
647.839966,421.849670,357.576965,259.526123
676.816284,412.739685,315.079163,226.494003
690.502686,414.499420,313.116699,227.438065
686.461426,408.254578,342.124695,228.808609
673.639404,416.053528,339.525177,238.962677
631.773438,433.066711,399.164246,255.514923
651.864136,433.706573,376.841705,244.947815
668.581177,436.215454,338.200043,220.926880
673.965088,443.510468,331.126038,213.843948
687.360352,426.033173,330.742371,209.967575
671.708252,430.353638,337.613525,211.470459
668.230713,422.870453,345.492188,217.869919
667.707397,416.082275,355.250183,230.635162
681.428345,406.613129,337.872070,221.764236
660.993164,399.304413,352.217346,232.319260
