1
334.399994,35.799999,37.000000,40.799999
336.062531,26.552849,33.943371,38.178345
335.578949,17.495991,38.272141,39.819115
336.993011,13.659527,39.791496,39.496109
341.986298,14.265623,40.110821,37.344280
346.350311,21.231195,33.396507,38.273945
350.699463,27.432819,38.196583,40.091988
359.000000,35.799999,36.000000,39.599998
362.189850,43.004696,39.757988,40.875595
373.502625,57.210735,32.757347,34.848244
367.044189,59.519478,33.746178,37.837723
366.967499,60.372261,39.393559,38.922863
364.947906,58.408409,34.501118,36.990162
356.177551,52.108421,32.487797,35.816193
345.117950,40.433075,31.176363,39.613941
339.299011,34.769463,34.220730,37.140255
329.652161,28.575716,36.273914,38.054829
325.096039,24.111525,37.022106,38.254795
318.983582,19.913454,37.214577,36.638058
320.570221,18.471632,37.149063,35.077778
322.977753,21.034906,28.808590,35.891140
322.864258,26.956903,35.000511,35.963909
324.653107,28.970863,36.458122,36.780937
326.947754,29.937538,39.052780,37.501717
331.679993,31.648140,39.073513,40.372253
336.982605,34.542358,39.141800,40.004845
339.468445,31.217789,40.357052,38.140564
336.254700,27.307335,37.859962,36.712257
337.565735,21.114510,39.692181,38.886719
344.836243,19.940447,39.819550,37.987385
353.810760,24.443407,39.006405,37.186672
367.055054,32.565151,38.740318,36.751282
381.069702,43.775223,37.516621,40.262775
392.544159,65.319824,37.302197,37.664948
400.000000,83.599998,35.599998,36.799999
403.000000,95.199997,35.000000,36.200001
409.600006,98.000000,35.000000,36.000000
395.799988,89.199997,35.400002,36.400002
2
0
0
0
0
1
357.121460,48.104858,50.684174,49.076477
343.000000,21.600000,49.000000,53.000000
326.972198,13.583349,48.627083,50.584293
308.827332,13.751263,49.235424,47.624809
297.342987,13.863850,51.130634,53.149910
289.290924,15.313988,54.585693,49.628944
291.156738,19.592659,51.907959,48.271851
297.256866,27.444929,47.342667,46.478542
300.742615,27.045301,52.646538,46.713680
305.415527,29.908178,53.594509,49.778690
301.259644,23.053532,52.332645,47.119736
301.314789,21.297493,52.682980,49.476013
293.740662,14.196524,55.153694,50.373379
290.742889,10.094881,54.219048,48.000126
290.573059,10.494154,51.460415,48.993214
285.622070,15.299496,56.273445,48.494553
290.210266,15.394033,56.878761,48.966549
304.625336,11.658684,55.258324,46.251633
314.021912,5.613415,56.325977,47.690781
323.321381,1.064503,51.432537,48.610142
314.674835,2.717480,58.810616,52.582298
310.890503,10.108120,56.007034,53.064018
317.644928,15.705801,49.294579,47.231052
322.912842,13.159124,52.631310,46.691830
314.527344,10.255322,55.658802,44.198349
311.268890,5.845800,48.810379,46.704895
331.799988,-0.600000,47.400002,51.400002
315.270081,-2.285767,46.579865,50.683308
299.434265,-0.168386,52.198631,52.533836
281.750092,3.842976,53.384716,57.949669
281.814758,36.421066,48.300751,57.684570
274.200012,63.200001,49.000000,53.200001
288.399994,46.599998,49.799999,54.200001
2
0
0
0
0
1
281.754913,142.240112,76.893784,82.542870
260.105530,120.075615,80.360023,87.206039
244.422943,97.336212,77.244156,78.749046
237.399994,78.400002,75.400002,79.000000
216.005554,48.599472,85.417549,85.668304
205.293961,20.824566,88.922615,91.883110
200.692810,0.638573,84.353088,97.039413
161.789200,-3.206409,78.620087,94.152260
164.399994,26.799999,76.800003,80.400002
132.574402,-5.191265,81.921112,91.216576
120.165916,2.059811,84.701187,87.685089
125.610680,8.753338,74.298904,88.509666
127.846497,15.231518,93.852905,89.025764
158.956345,25.369205,90.666290,88.525093
134.747498,22.106956,87.807060,92.722885
141.160950,18.497238,89.103470,102.452637
