1
334.799988,33.000000,37.599998,41.599998
334.705322,25.500107,36.147038,39.549202
335.054779,16.192190,38.196815,42.749096
336.517700,13.793547,39.981564,40.568653
341.402496,12.379765,40.688118,40.526283
347.223633,20.032925,33.449997,42.277222
352.001434,27.588762,38.125854,39.744862
358.188843,32.632977,37.984268,40.725883
362.802307,44.115364,38.956406,40.643143
372.402435,58.306549,30.321737,34.742523
367.456970,60.756218,32.253922,38.431137
366.910126,59.099907,38.765846,41.101917
367.935394,60.076389,31.834581,38.369804
359.192169,52.504063,30.458622,36.114464
347.441620,41.112984,29.071526,39.809883
338.407166,33.621315,35.917469,38.108200
329.972412,29.149822,36.384655,36.092209
324.679443,23.740009,37.555393,36.586563
318.356384,18.728935,38.319061,38.281906
319.782501,17.283886,37.399647,36.513199
322.478668,20.366737,30.458128,37.479134
323.778381,26.127316,34.069305,38.875397
324.124329,30.456360,35.356110,37.280922
330.212555,31.371220,36.005199,37.032578
332.085449,33.176300,38.115551,37.914883
336.137207,34.287563,38.982018,37.751488
338.824829,32.050232,38.888397,36.371712
339.088196,26.849825,37.878693,36.507336
340.308716,21.070301,38.707207,37.761612
343.613068,20.597332,39.526344,36.598122
355.032806,26.081966,39.689213,36.159737
369.186066,33.238899,33.608456,36.396244
381.464600,46.103645,36.806572,39.485733
394.697937,65.513153,34.327415,38.107807
395.671967,83.226578,36.095474,35.983299
398.397430,97.267639,40.355232,34.267418
408.549835,98.071297,35.277149,33.123871
390.098145,87.659164,32.391220,33.651711
2
0
0
0
0
1
357.237305,48.871086,51.007355,47.443195
346.399994,26.000000,48.599998,52.799999
327.302490,14.931210,47.793224,49.345047
312.730804,15.246037,48.154213,45.310989
304.620117,22.785418,47.092205,48.929790
291.454895,18.269943,52.853901,47.149353
290.497711,21.766485,54.476997,46.535809
298.663696,29.569168,48.725571,43.979095
301.593689,27.747595,52.199799,45.186024
304.600433,29.973492,51.391064,44.700249
302.963013,24.251379,52.949898,45.944630
300.815826,22.809542,53.351246,45.470470
296.854126,15.248995,54.234070,47.578609
290.453552,10.600269,52.045746,47.963165
289.682770,10.725636,51.383419,49.668015
285.219574,18.634941,53.876232,45.202232
289.512177,16.690178,57.026470,47.145096
304.831177,16.075262,53.880924,46.324673
317.749664,5.071934,54.108219,50.277611
322.367767,5.308126,55.303127,50.488724
313.971710,4.853914,60.731091,53.258400
312.519135,10.756079,55.450554,53.048634
318.450317,16.540142,49.970833,47.699776
323.417603,15.394308,53.835590,45.544262
314.996521,10.855318,59.761143,47.286541
324.261688,0.755274,54.027702,47.979801
329.799988,-3.800000,51.400002,57.400002
318.581268,-3.703348,50.171497,53.475880
299.165131,-2.552811,54.622612,58.040531
285.558228,6.397745,53.480549,58.377598
284.062958,37.270721,50.248341,59.201809
281.349884,67.487747,56.869087,69.563843
302.200012,50.799999,52.799999,59.000000
2
0
0
0
0
1
280.472900,144.284760,78.763214,74.616928
257.569244,118.746002,84.173965,84.378365
232.524139,97.359833,93.562698,72.000114
236.399994,72.599998,75.199997,78.400002
211.941772,49.676369,89.130630,78.195190
206.173981,22.807644,89.610046,85.210045
214.199997,10.400000,75.199997,78.599998
177.000000,14.600000,74.800003,78.199997
166.600006,34.400002,75.000000,78.199997
127.457611,-0.092754,83.761940,88.943939
129.739197,0.282394,81.846001,86.362740
123.981758,7.104744,73.996719,84.900505
132.735840,12.477657,89.536545,89.035011
143.007065,19.284111,91.812737,89.376587
139.428909,23.963097,81.191673,85.458969
157.938278,10.242683,86.718079,92.260849
