1
334.200012,31.600000,38.200001,42.200001
335.208771,26.638199,35.890194,38.512871
335.638641,17.083239,36.946518,40.093121
336.181946,14.070642,40.802139,41.440975
340.887512,13.034698,39.921967,39.578583
344.171051,20.977863,37.205933,38.641113
351.675842,27.451738,39.284058,40.875965
357.342682,31.003660,39.669155,45.148800
362.844879,43.937244,38.458286,41.782097
371.007690,58.655392,36.409153,37.047935
366.398285,60.514015,35.222515,38.866184
367.810547,57.547890,40.605171,42.776043
363.727112,61.393826,35.409210,34.140388
355.386597,52.560234,35.038177,37.002060
350.083282,42.730385,31.743933,39.797588
338.807404,34.518204,36.558487,35.408993
329.466736,28.612669,37.064949,37.242580
325.752167,24.315001,35.729404,37.589611
320.057129,19.387400,37.491039,37.287464
320.019867,18.127476,37.840733,36.242348
321.907562,21.056414,31.234127,34.837215
320.267242,24.465479,35.325951,39.507549
326.510406,29.479641,33.529751,38.831001
330.239990,30.705954,36.802353,39.601612
334.390320,32.647648,39.607803,39.719643
338.368744,34.888756,38.349766,39.426769
340.976898,32.108574,36.906162,36.609646
340.663177,27.197899,35.669426,36.066917
340.614594,21.114031,36.098534,38.473454
346.936829,21.067513,36.549957,36.551712
355.272125,25.942398,38.715633,35.892845
368.837952,32.998512,34.094452,37.867718
382.116669,44.014290,36.054958,40.736328
393.121979,65.768036,34.506550,40.345207
397.602203,82.441879,40.313156,37.058838
402.600006,96.000000,34.400002,37.400002
409.799988,97.199997,34.000000,36.799999
398.399994,87.199997,34.200001,37.000000
2
0
0
0
0
1
356.479126,48.995022,51.231155,47.425819
343.000000,25.600000,49.000000,53.000000
328.384308,15.401251,46.742916,49.733463
310.887787,16.061041,52.754566,49.874058
300.011078,16.093401,50.859566,51.126072
290.925446,17.213005,53.365623,48.949791
290.952911,20.555147,53.218357,47.372570
294.416595,27.980146,54.547485,45.302525
300.869263,26.991802,53.220142,46.926163
306.025940,31.225281,52.915821,46.675232
302.038177,24.046677,52.417946,45.176926
300.360077,23.123119,54.525948,45.760681
291.795715,15.110430,59.146397,47.281734
289.062286,9.367634,54.033165,48.314507
288.510956,11.310240,52.673660,52.557209
286.736755,14.435432,54.260239,51.251884
290.298492,15.143015,55.446251,49.930332
299.947540,11.639568,57.942532,51.722061
313.154602,3.697496,59.001564,55.973751
321.202209,2.218664,57.197460,55.640465
312.569305,1.574360,63.381065,59.334286
311.033844,10.892427,58.641270,58.587185
317.931152,15.831247,51.782242,48.082119
319.200317,14.553272,57.313232,49.930038
313.256500,7.937435,63.973328,52.615463
316.955811,3.261623,53.174736,49.573742
327.000000,-3.800000,54.799999,59.000000
311.879639,-4.697849,52.487892,58.783600
298.958923,-5.706347,58.935337,60.178047
291.445496,4.737129,58.020485,64.158974
274.583405,33.407936,54.243095,62.537857
277.757935,68.105225,55.959656,65.034782
2
0
0
0
0
1
305.650116,158.372330,78.899483,75.563896
283.296906,141.807419,82.574768,77.481598
263.935852,120.301422,81.238647,80.316467
238.797501,99.729523,95.122154,71.892311
219.693756,81.324265,91.994087,69.782433
205.119278,55.856827,84.619507,73.557205
197.799530,25.947197,87.502792,80.989670
184.199997,13.200000,76.599998,72.599998
165.944031,-2.242451,75.399765,78.953827
140.768341,1.637150,81.977333,82.096252
135.005615,-2.005627,83.246002,81.912407
124.308197,11.132858,78.760384,78.317009
123.053429,18.367847,82.894516,79.019417
135.191071,24.966305,86.307022,79.156578
132.140503,27.665585,79.898735,79.352562
141.904358,27.982002,80.827454,78.011597
148.297852,20.618279,81.321274,80.874031
