1
259.527924,110.417206,141.278519,144.292450
255.680420,103.096687,132.565659,146.789627
260.600006,95.800003,151.800003,140.800003
283.833344,61.068596,118.897789,149.884842
290.507507,51.884315,110.865997,140.728622
285.864685,54.305840,106.049294,140.706406
286.675140,55.500351,102.224876,139.441986
267.200012,50.000000,146.399994,135.399994
304.284668,68.090813,99.266258,139.101089
314.260376,67.389244,100.385696,141.161728
315.116791,77.691093,100.059021,137.242752
307.665619,89.774887,103.191452,133.928864
294.330139,105.828568,105.330414,134.049438
296.635345,110.760338,102.865898,132.474380
295.174866,110.906067,106.124825,136.659241
294.415833,105.825111,107.830383,135.577621
277.631805,110.394142,110.726768,133.960190
271.063599,111.233368,110.938599,127.619171
250.230438,106.879463,119.337997,130.741409
247.585083,94.579018,113.862793,123.718948
238.232162,89.365997,116.390228,128.638245
229.035889,92.023506,117.909729,125.631302
217.820526,102.795059,116.908195,120.962212
212.373383,107.864502,116.189026,118.311623
206.279984,110.586777,122.264862,117.810539
210.510223,117.547516,120.258896,116.312843
209.824738,127.771591,117.449272,114.027649
204.662231,141.633575,118.923088,112.034744
197.817780,155.493500,118.329163,112.856186
192.652832,163.645905,115.221581,110.709457
195.797501,169.483231,116.927673,111.469452
201.516098,176.329559,114.376137,107.150597
194.985001,181.960587,115.901283,107.601036
192.363434,188.375870,116.206139,105.226662
199.111298,186.839432,113.767105,106.846703
205.731018,171.914307,114.399712,105.481033
203.904602,160.786530,110.097847,102.917488
209.414642,157.953094,108.556572,99.530174
212.283585,154.952789,109.139076,99.921463
214.088593,148.056229,108.644058,99.269753
217.401489,139.352249,107.186417,98.894653
225.837753,138.135040,106.847374,98.605942
232.040680,139.415527,105.297859,98.973869
231.681244,140.875580,103.961777,99.677628
238.064774,133.248352,105.129852,100.822617
244.913300,125.629730,99.556511,101.963654
242.175323,122.917992,96.981445,95.487717
229.580276,120.736038,101.596283,100.760414
231.957352,98.812912,98.668480,99.159584
224.158875,84.916885,98.908691,95.872963
217.807404,83.244835,96.884262,94.073746
216.901932,76.227158,93.326622,91.554886
222.765564,54.615009,95.020432,89.244118
229.918945,48.185776,94.656441,89.569855
224.941772,56.318901,93.120499,87.031738
219.905014,57.594990,91.031097,85.152412
226.649002,58.696003,91.725929,86.226250
229.680237,64.485550,93.847954,83.986473
223.590622,86.581696,90.056541,84.695595
221.858429,97.044121,87.885086,81.490555
217.934525,106.977859,87.459808,81.485191
217.546051,121.640564,85.801620,80.639915
216.510651,120.452057,85.503433,82.009224
200.061920,122.608093,84.382980,81.159798
187.028519,116.734756,89.790253,80.921356
183.878326,92.925034,89.452415,81.336037
169.911194,81.928993,93.831192,84.032471
155.906586,88.761002,94.278580,85.396004
137.865601,96.013046,98.086014,89.500519
125.290695,88.547050,98.483574,93.288162
125.588936,76.363632,98.785904,94.190536
127.122787,71.339813,100.526283,96.938545
127.029633,67.361763,102.292938,100.215073
129.718307,69.711952,100.889198,98.216507
126.134262,79.861916,103.704346,97.597275
132.890579,82.989914,101.670998,97.994202
140.862961,84.842850,101.432213,96.637787
146.304947,87.246201,100.123360,95.192566
145.016907,78.843674,99.398712,94.788597
143.008881,88.613693,98.923141,97.085899
137.409393,101.911057,98.801476,96.884178
131.897507,97.295448,96.964211,94.395432
136.994934,85.314835,93.140152,92.613007
141.443970,84.146912,92.294342,91.178040
144.449890,89.082642,90.928055,88.697205
147.890961,88.945312,91.543564,89.380363
150.781769,90.920456,92.741203,89.251587
157.923019,93.854034,92.631691,88.249855
163.497635,98.092262,93.332939,87.612381
165.090851,105.030228,97.169365,86.367462
172.875336,113.432205,97.278732,84.759583
174.651886,117.415268,100.740044,86.282715
183.547607,120.957001,102.049110,87.185661
189.655365,123.878166,105.578339,85.770096
183.337585,134.793625,107.410912,87.564148
178.529175,144.662201,109.448135,88.175041
181.686584,138.792877,107.906448,88.783249
186.092468,127.584373,107.647186,88.255539
178.867401,121.467636,109.809578,92.100700
171.398529,118.505547,107.697067,90.681015
173.762024,114.092949,104.838676,89.741287
173.354340,113.212936,107.007988,91.416473
171.523285,115.492935,107.650688,93.168098
170.220795,118.486343,106.179741,93.294678
166.691666,121.772522,107.131409,96.266327
163.014984,129.605194,107.044441,97.548172
163.581589,127.969772,103.724449,96.189735
173.487061,117.349342,104.077629,97.245316
188.037354,107.980179,107.506477,101.187279
179.037933,101.957306,107.328011,102.607613
165.092834,93.521896,110.496277,101.639107
163.812500,77.779190,108.494797,103.029976
157.853134,60.281532,109.851532,105.989044
137.305893,49.763664,112.371437,107.990753
116.372070,43.313728,114.940514,105.022247
113.863190,33.673809,113.584206,106.024208
119.157043,27.161621,120.449699,113.958878
121.776276,36.020107,122.069946,113.584038
104.709457,43.011585,127.774300,118.393944
90.139267,47.787418,126.694710,119.656364
97.364563,61.535828,123.041809,116.787231
105.122787,69.872726,133.522339,125.535126
114.484970,75.230888,129.544220,121.967545
112.126305,77.619690,136.915024,127.639717
113.671326,73.300812,132.937256,129.528687
118.811447,72.093338,130.587250,126.923706
131.970215,67.740105,130.462051,129.767441
135.022644,58.556908,139.125351,137.119263
141.268036,57.906418,130.852066,133.076187
139.730804,60.915649,130.915665,131.783051
131.591248,60.678268,140.843491,136.409332
135.861908,57.947113,138.655212,135.196213
142.314911,53.981865,132.986618,134.098770
136.133057,51.159828,131.670547,134.632614
120.681358,46.870811,149.987747,143.159546
130.375916,45.222740,140.620651,140.861954
130.513962,49.203171,142.643860,139.950638
123.154640,51.516907,153.731125,145.989487
123.598221,58.411575,153.437103,149.097107
133.739380,62.251167,151.165359,148.398911
143.520813,61.570099,147.379410,148.286407
130.440369,49.634979,161.624222,155.401627
139.843811,45.940659,155.783432,150.699829
157.663025,37.075951,156.085312,150.482208
154.564407,33.240990,165.613617,156.833694
145.054260,36.726128,163.271561,154.399414
130.414566,36.265030,170.898682,162.040833
132.895416,34.889954,181.548965,169.071640
143.165344,40.231575,178.364838,166.617142
134.139572,49.079338,189.052521,170.828140
134.455933,56.662468,179.055435,169.113297
131.198853,61.443047,182.147064,170.800949
134.478821,63.625610,188.109848,176.909973
137.849777,68.455231,198.418182,184.546295
156.149750,74.643593,183.574249,170.764084
146.210510,77.194458,182.426132,168.963928
129.333023,84.039856,187.110992,173.002960
125.439171,83.059364,207.355576,185.052963
136.328659,73.895241,214.793243,186.168839
144.387100,64.667236,207.354614,184.383057
136.445099,55.706192,203.228638,183.635651
124.119781,54.899338,204.282043,184.347839
125.659309,60.754745,210.170334,187.782959
135.572815,60.347206,213.245300,192.397629
141.458344,58.101280,215.619537,192.188278
147.168884,57.877098,208.079758,187.154190
140.336182,55.087822,217.081192,195.759537
136.887146,57.094345,217.250534,193.539642
134.541748,60.569984,211.657532,188.654495
120.834381,66.314758,219.581177,192.068024
115.654320,66.270424,222.476700,198.882034
111.693619,66.368530,221.884552,195.657776
111.449295,71.810638,219.972168,195.842712
109.845680,79.760902,225.513809,194.387955
109.905945,79.036331,226.934509,195.290070
103.873375,73.680862,224.541702,196.081482
101.794373,72.704712,226.427765,197.019775
112.029442,74.534561,224.229446,193.992676
117.232933,67.859566,226.441483,198.483749
121.742516,68.314682,222.187302,193.711761
118.297836,69.583900,223.872498,193.934250
113.935989,62.679398,231.767242,202.760376
115.097321,59.501274,233.943939,205.582870
113.917892,64.318825,231.039337,202.103775
107.945946,62.202042,236.199631,201.319641
108.083038,60.935898,231.871124,202.642822
108.606186,59.473541,231.158264,199.117645
110.471825,61.958076,229.369400,195.880783
110.880432,64.274651,228.480865,197.014114
108.166435,71.344917,226.968399,196.955948
106.015572,76.540565,226.662979,194.842087
107.694527,75.465561,227.571304,195.549469
109.568047,77.163300,227.204971,195.116760
106.983223,74.685722,228.985184,201.042068
110.578278,79.875351,226.238770,194.946320
