1
526.573059,58.525261,20.591137,19.324581
526.547180,64.555855,17.598539,20.977976
526.599976,77.000000,19.200001,20.200001
524.000000,88.000000,19.600000,20.600000
518.200012,96.800003,19.400000,20.400000
525.599976,105.199997,19.600000,20.600000
531.000000,108.800003,20.000000,21.000000
2
0
0
0
0
1
560.400024,193.000000,14.200000,14.200000
2
0
0
0
0
1
608.767090,263.424011,14.376604,14.747910
610.000000,267.200012,15.200000,14.000000
614.907959,264.621094,14.096853,14.529660
617.397339,265.862885,16.148563,14.562692
621.982544,264.941040,14.680630,14.372078
625.385620,266.895691,14.961951,13.446397
629.720093,267.263580,12.163429,13.530545
631.894653,271.697937,16.144091,12.368091
633.599976,273.600006,15.000000,13.000000
637.701477,272.520721,15.204200,11.802458
640.599976,271.000000,14.600000,12.200000
639.322754,266.664032,13.433400,12.266460
642.774048,268.239380,13.926065,14.632040
641.993408,268.255463,13.720061,12.366491
642.997803,273.398712,15.248028,13.031819
645.896484,275.080536,11.224006,14.303007
645.263977,276.508270,13.117448,12.253648
649.916931,278.459320,13.113973,12.135370
649.702209,277.386841,13.748255,12.577380
651.119995,277.192596,14.906816,14.517583
