1.8846,1.8786,1.9922,1.8997,1.9713,1.9756,1.8841,2.0033,1.8853,1.9757,1.9156,1.9939,1.878,1.9936,1.8848
1.8846,1.8786,1.9922,1.8997,1.9713,1.9756,1.8841,2.0033,1.8853,1.9757,1.9156,1.9939,1.878,1.9936,1.8848
1.8846,1.8786,1.9922,1.8997,1.9713,1.9756,1.8841,2.0033,1.8853,1.9757,1.9156,1.9939,1.878,1.9936,1.8848
1.8846,1.8786,1.9922,1.8997,1.9713,1.9756,1.8841,2.0033,1.8853,1.9757,1.9156,1.9939,1.878,1.9936,1.8848
1.8846,1.8786,1.9922,1.8997,1.9713,1.9756,1.8841,2.0033,1.8853,1.9757,1.9156,1.9939,1.878,1.9936,1.8848
1.8846,1.8786,1.9922,1.8997,1.9713,1.9756,1.8841,2.0033,1.8853,1.9757,1.9156,1.9939,1.878,1.9936,1.8848
1.8846,1.8786,1.9922,1.8997,1.9713,1.9756,1.8841,2.0033,1.8853,1.9757,1.9156,1.9939,1.878,1.9936,1.8848
1.8846,1.8786,1.9922,1.8997,1.9713,1.9756,1.8841,2.0033,1.8853,1.9757,1.9156,1.9939,1.878,1.9936,1.8848
1.8846,1.8786,1.9922,1.8997,1.9713,1.9756,1.8841,2.0033,1.8853,1.9757,1.9156,1.9939,1.878,1.9936,1.8848
1.8846,1.8786,1.9922,1.8997,1.9713,1.9756,1.8841,2.0033,1.8853,1.9757,1.9156,1.9939,1.878,1.9936,1.8848
1.8846,1.8786,1.9922,1.8997,1.9713,1.9756,1.8841,2.0033,1.8853,1.9757,1.9156,1.9939,1.878,1.9936,1.8848
1.8846,1.8786,1.9922,1.8997,1.9713,1.9756,1.8841,2.0033,1.8853,1.9757,1.9156,1.9939,1.878,1.9936,1.8848
1.8846,1.8786,1.9922,1.8997,1.9713,1.9756,1.8841,2.0033,1.8853,1.9757,1.9156,1.9939,1.878,1.9936,1.8848
1.8846,1.8786,1.9922,1.8997,1.9713,1.9756,1.8841,2.0033,1.8853,1.9757,1.9156,1.9939,1.878,1.9936,1.8848
1.8846,1.8786,1.9922,1.8997,1.9713,1.9756,1.8841,2.0033,1.8853,1.9757,1.9156,1.9939,1.878,1.9936,1.8848
1.8846,1.8786,1.9922,1.8997,1.9713,1.9756,1.8841,2.0033,1.8853,1.9757,1.9156,1.9939,1.878,1.9936,1.8848
1.8846,1.8786,1.9922,1.8997,1.9713,1.9756,1.8841,2.0033,1.8853,1.9757,1.9156,1.9939,1.878,1.9936,1.8848
1.8846,1.8786,1.9922,1.8997,1.9713,1.9756,1.8841,2.0033,1.8853,1.9757,1.9156,1.9939,1.878,1.9936,1.8848
1.8846,1.8786,1.9922,1.8997,1.9713,1.9756,1.8841,2.0033,1.8853,1.9757,1.9156,1.9939,1.878,1.9936,1.8848
1.8846,1.8786,1.9922,1.8997,1.9713,1.9756,1.8841,2.0033,1.8853,1.9757,1.9156,1.9939,1.878,1.9936,1.8848
1.8846,1.8786,1.9922,1.8997,1.9713,1.9756,1.8841,2.0033,1.8853,1.9757,1.9156,1.9939,1.878,1.9936,1.8848
1.8846,1.8786,1.9922,1.8997,1.9713,1.9756,1.8841,2.0033,1.8853,1.9757,1.9156,1.9939,1.878,1.9936,1.8848
1.8846,1.8786,1.9922,1.8997,1.9713,1.9756,1.8841,2.0033,1.8853,1.9757,1.9156,1.9939,1.878,1.9936,1.8848
1.8846,1.8786,1.9922,1.8997,1.9713,1.9756,1.8841,2.0033,1.8853,1.9757,1.9156,1.9939,1.878,1.9936,1.8848
1.8846,1.8786,1.9922,1.8997,1.9713,1.9756,1.8841,2.0033,1.8853,1.9757,1.9156,1.9939,1.878,1.9936,1.8848
1.8846,1.8786,1.9922,1.8997,1.9713,1.9756,1.8841,2.0033,1.8853,1.9757,1.9156,1.9939,1.878,1.9936,1.8848
1.8846,1.8786,1.9922,1.8997,1.9713,1.9756,1.8841,2.0033,1.8853,1.9757,1.9156,1.9939,1.878,1.9936,1.8848
1.8846,1.8786,1.9922,1.8997,1.9713,1.9756,1.8841,2.0033,1.8853,1.9757,1.9156,1.9939,1.878,1.9936,1.8848
1.8846,1.8786,1.9922,1.8997,1.9713,1.9756,1.8841,2.0033,1.8853,1.9757,1.9156,1.9939,1.878,1.9936,1.8848
1.8846,1.8786,1.9922,1.8997,1.9713,1.9756,1.8841,2.0033,1.8853,1.9757,1.9156,1.9939,1.878,1.9936,1.8848
1.8846,1.8786,1.9922,1.8997,1.9713,1.9756,1.8841,2.0033,1.8853,1.9757,1.9156,1.9939,1.878,1.9936,1.8848
1.8846,1.8786,1.9922,1.8997,1.9713,1.9756,1.8841,2.0033,1.8853,1.9757,1.9156,1.9939,1.878,1.9936,1.8848
1.8846,1.8786,1.9922,1.8997,1.9713,1.9756,1.8841,2.0033,1.8853,1.9757,1.9156,1.9939,1.878,1.9936,1.8848
1.8846,1.8786,1.9922,1.8997,1.9713,1.9756,1.8841,2.0033,1.8853,1.9757,1.9156,1.9939,1.878,1.9936,1.8848
1.8846,1.8786,1.9922,1.8997,1.9713,1.9756,1.8841,2.0033,1.8853,1.9757,1.9156,1.9939,1.878,1.9936,1.8848
1.8846,1.8786,1.9922,1.8997,1.9713,1.9756,1.8841,2.0033,1.8853,1.9757,1.9156,1.9939,1.878,1.9936,1.8848
1.8846,1.8786,1.9922,1.8997,1.9713,1.9756,1.8841,2.0033,1.8853,1.9757,1.9156,1.9939,1.878,1.9936,1.8848
1.8846,1.8786,1.9922,1.8997,1.9713,1.9756,1.8841,2.0033,1.8853,1.9757,1.9156,1.9939,1.878,1.9936,1.8848
1.8846,1.8786,1.9922,1.8997,1.9713,1.9756,1.8841,2.0033,1.8853,1.9757,1.9156,1.9939,1.878,1.9936,1.8848
1.8846,1.8786,1.9922,1.8997,1.9713,1.9756,1.8841,2.0033,1.8853,1.9757,1.9156,1.9939,1.878,1.9936,1.8848
1.8846,1.8786,1.9922,1.8997,1.9713,1.9756,1.8841,2.0033,1.8853,1.9757,1.9156,1.9939,1.878,1.9936,1.8848
