1
525.849487,57.424328,20.820822,19.608194
526.403198,65.390350,17.802917,18.709257
526.200012,76.000000,19.000000,20.000000
523.281616,91.433479,17.616163,17.178576
522.000000,96.599998,18.799999,19.799999
523.000000,107.400002,18.600000,19.600000
529.000000,114.199997,18.400000,19.400000
2
0
0
0
0
1
560.799988,193.399994,14.200000,14.000000
2
0
0
0
0
1
608.795349,263.535309,14.639987,14.381414
611.000000,266.399994,15.000000,14.000000
614.650818,264.268066,14.868561,14.283142
617.200745,266.135773,16.542263,14.357823
621.567200,265.088684,15.400316,14.360889
625.061157,266.761292,14.856068,12.735380
630.235840,267.407135,11.409827,13.337333
631.926819,271.794525,16.490206,12.654917
634.799988,273.399994,14.600000,13.400000
637.084351,272.101196,14.954935,12.435431
640.599976,271.200012,14.600000,13.600000
640.409180,266.630066,13.405271,12.972005
642.427673,268.348724,14.277136,14.260238
642.143860,268.492981,13.678364,11.780426
642.713318,273.260895,16.065807,13.619093
646.512695,275.150391,10.725581,13.283131
645.856323,276.847382,12.904584,12.673408
651.799988,277.799988,13.000000,12.000000
651.293579,277.458221,12.812636,13.019978
652.099182,277.676483,14.050004,14.599594
