1
525.901184,58.987995,21.730598,18.043770
526.484741,65.261848,17.466200,19.149548
522.799988,76.000000,19.600000,20.600000
524.900574,91.475327,16.314581,17.505980
517.400024,89.000000,19.200001,20.200001
2
0
0
0
0
1
543.200012,175.199997,14.200000,14.000000
2
0
0
0
0
1
600.130554,243.239822,14.403368,15.429795
600.000000,246.600006,15.800000,14.800000
2
0
0
0
0
1
628.992432,266.262207,13.682761,14.833684
632.695190,270.408630,15.972136,14.772329
634.599976,273.200012,13.800000,13.000000
637.276794,269.630646,15.623169,15.310068
641.599976,268.799988,14.000000,13.000000
640.107300,266.955444,12.937357,13.631956
643.562927,265.413666,12.964444,16.108530
640.626526,266.410278,15.407028,15.620056
645.965149,271.434570,12.476735,15.007186
645.167175,272.855408,12.595715,16.854750
644.036011,277.154572,15.546551,14.714016
651.129700,276.241943,12.778954,13.787667
650.089417,276.744995,13.642764,14.916552
653.774658,275.489197,11.749328,14.624893
