1
322.000000,534.000000,13.000000,49.000000
312.000000,524.000000,11.000000,48.000000
307.000000,531.000000,13.000000,57.000000
326.000000,523.000000,13.000000,49.000000
317.000000,515.000000,18.000000,47.000000
307.000000,499.000000,13.000000,51.000000
2
0
0
0
0
1
340.000000,430.000000,15.000000,52.000000
345.000000,419.000000,17.000000,49.000000
357.000000,425.000000,15.000000,52.000000
376.000000,432.000000,15.000000,52.000000
395.000000,429.000000,15.000000,52.000000
393.000000,409.000000,15.000000,52.000000
375.000000,399.000000,15.000000,53.000000
373.000000,388.000000,15.000000,50.000000
373.000000,388.000000,17.000000,49.000000
373.000000,377.000000,15.000000,55.000000
362.000000,375.000000,19.000000,47.000000
350.000000,365.000000,16.000000,55.000000
343.000000,356.000000,17.000000,47.000000
347.000000,347.000000,15.000000,54.000000
344.000000,327.000000,15.000000,55.000000
345.000000,312.000000,17.000000,55.000000
366.000000,300.000000,15.000000,55.000000
373.000000,273.000000,16.000000,64.000000
373.000000,264.000000,15.000000,54.000000
384.000000,246.000000,15.000000,55.000000
403.000000,234.000000,15.000000,51.000000
415.000000,256.000000,15.000000,53.000000
434.000000,266.000000,18.000000,51.000000
451.000000,280.000000,15.000000,56.000000
456.000000,291.000000,18.000000,48.000000
460.000000,292.000000,17.000000,57.000000
437.000000,307.000000,18.000000,53.000000
435.000000,298.000000,19.000000,59.000000
426.000000,314.000000,18.000000,62.000000
403.000000,318.000000,20.000000,53.000000
2
0
0
0
0
1
260.000000,267.000000,21.000000,53.000000
244.000000,262.000000,20.000000,56.000000
243.000000,251.000000,21.000000,55.000000
268.000000,266.000000,21.000000,66.000000
294.000000,293.000000,23.000000,55.000000
310.000000,298.000000,21.000000,68.000000
342.000000,320.000000,15.000000,53.000000
334.000000,319.000000,16.000000,55.000000
339.000000,315.000000,19.000000,51.000000
351.000000,330.000000,16.000000,65.000000
356.000000,352.000000,17.000000,64.000000
355.000000,379.000000,17.000000,70.000000
347.000000,389.000000,17.000000,54.000000
319.000000,383.000000,23.000000,57.000000
301.000000,363.000000,20.000000,66.000000
295.000000,345.000000,14.000000,55.000000
294.000000,344.000000,15.000000,55.000000
301.000000,341.000000,15.000000,55.000000
296.000000,351.000000,15.000000,59.000000
297.000000,345.000000,15.000000,60.000000
301.000000,342.000000,14.000000,56.000000
298.000000,333.000000,15.000000,55.000000
288.000000,335.000000,16.000000,69.000000
291.000000,345.000000,22.000000,61.000000
315.000000,351.000000,14.000000,52.000000
302.000000,349.000000,21.000000,58.000000
289.000000,333.000000,14.000000,60.000000
290.000000,330.000000,13.000000,57.000000
297.000000,342.000000,16.000000,54.000000
308.000000,345.000000,14.000000,51.000000
303.000000,353.000000,16.000000,57.000000
309.000000,354.000000,18.000000,52.000000
324.000000,355.000000,14.000000,61.000000
327.000000,374.000000,17.000000,54.000000
340.000000,368.000000,17.000000,54.000000
346.000000,366.000000,13.000000,53.000000
344.000000,346.000000,15.000000,65.000000
349.000000,338.000000,21.000000,55.000000
368.000000,341.000000,23.000000,55.000000
391.000000,337.000000,21.000000,57.000000
402.000000,324.000000,15.000000,53.000000
393.000000,322.000000,15.000000,56.000000
396.000000,322.000000,19.000000,57.000000
414.000000,304.000000,15.000000,54.000000
418.000000,315.000000,16.000000,54.000000
433.000000,310.000000,25.000000,58.000000
464.000000,317.000000,15.000000,57.000000
472.000000,330.000000,19.000000,53.000000
481.000000,321.000000,15.000000,56.000000
483.000000,312.000000,14.000000,52.000000
486.000000,313.000000,15.000000,51.000000
494.000000,303.000000,21.000000,61.000000
515.000000,289.000000,18.000000,51.000000
530.000000,287.000000,18.000000,49.000000
547.000000,273.000000,19.000000,58.000000
563.000000,265.000000,16.000000,50.000000
571.000000,256.000000,16.000000,54.000000
581.000000,234.000000,17.000000,60.000000
586.000000,220.000000,16.000000,56.000000
594.000000,216.000000,18.000000,50.000000
607.000000,215.000000,16.000000,49.000000
613.000000,216.000000,14.000000,46.000000
600.000000,209.000000,20.000000,49.000000
583.000000,201.000000,17.000000,51.000000
579.000000,208.000000,14.000000,47.000000
565.000000,197.000000,20.000000,54.000000
561.000000,211.000000,22.000000,55.000000
2
0
0
0
0
1
478.000000,172.000000,28.000000,80.000000
490.000000,186.000000,35.000000,73.000000
500.000000,190.000000,25.000000,71.000000
498.000000,179.000000,29.000000,74.000000
515.000000,171.000000,27.000000,77.000000
527.000000,161.000000,31.000000,72.000000
545.000000,162.000000,40.000000,79.000000
