1
324.000000,535.000000,13.000000,49.000000
312.000000,524.000000,10.000000,46.000000
308.000000,531.000000,11.000000,57.000000
325.000000,524.000000,13.000000,49.000000
316.000000,514.000000,18.000000,48.000000
304.000000,499.000000,13.000000,49.000000
296.000000,481.000000,13.000000,49.000000
295.000000,464.000000,13.000000,49.000000
301.000000,443.000000,11.000000,46.000000
312.000000,439.000000,12.000000,41.000000
329.000000,433.000000,13.000000,42.000000
343.000000,428.000000,12.000000,49.000000
343.000000,432.000000,12.000000,50.000000
349.000000,423.000000,10.000000,45.000000
358.000000,428.000000,18.000000,50.000000
377.000000,436.000000,19.000000,46.000000
394.000000,428.000000,16.000000,53.000000
394.000000,409.000000,18.000000,54.000000
375.000000,398.000000,17.000000,53.000000
376.000000,390.000000,13.000000,50.000000
375.000000,390.000000,13.000000,48.000000
377.000000,378.000000,12.000000,58.000000
362.000000,376.000000,21.000000,46.000000
352.000000,362.000000,16.000000,61.000000
346.000000,355.000000,15.000000,49.000000
351.000000,336.000000,13.000000,67.000000
351.000000,329.000000,13.000000,52.000000
351.000000,308.000000,15.000000,61.000000
364.000000,298.000000,13.000000,53.000000
376.000000,284.000000,13.000000,54.000000
379.000000,270.000000,13.000000,54.000000
2
0
0
0
0
1
457.000000,283.000000,24.000000,75.000000
434.000000,301.000000,30.000000,69.000000
436.000000,294.000000,22.000000,72.000000
421.000000,314.000000,26.000000,66.000000
393.000000,314.000000,34.000000,62.000000
368.000000,310.000000,31.000000,69.000000
342.000000,296.000000,32.000000,72.000000
2
0
0
0
0
1
247.000000,251.000000,23.000000,64.000000
269.000000,273.000000,22.000000,68.000000
290.000000,286.000000,22.000000,68.000000
2
0
0
0
0
1
349.000000,374.000000,27.000000,74.000000
340.000000,383.000000,28.000000,61.000000
323.000000,375.000000,25.000000,71.000000
298.000000,359.000000,26.000000,65.000000
292.000000,338.000000,21.000000,62.000000
290.000000,335.000000,21.000000,67.000000
297.000000,333.000000,21.000000,64.000000
293.000000,346.000000,21.000000,64.000000
292.000000,340.000000,23.000000,65.000000
298.000000,337.000000,19.000000,63.000000
291.000000,326.000000,25.000000,61.000000
284.000000,331.000000,21.000000,73.000000
290.000000,340.000000,27.000000,71.000000
309.000000,344.000000,24.000000,63.000000
299.000000,343.000000,28.000000,68.000000
283.000000,328.000000,23.000000,65.000000
284.000000,325.000000,22.000000,64.000000
292.000000,335.000000,24.000000,65.000000
303.000000,336.000000,23.000000,65.000000
300.000000,346.000000,22.000000,68.000000
307.000000,345.000000,24.000000,67.000000
320.000000,351.000000,20.000000,67.000000
321.000000,366.000000,25.000000,67.000000
337.000000,362.000000,24.000000,66.000000
342.000000,359.000000,20.000000,65.000000
341.000000,340.000000,19.000000,70.000000
345.000000,331.000000,27.000000,69.000000
374.000000,333.000000,29.000000,72.000000
398.000000,329.000000,24.000000,67.000000
395.000000,318.000000,25.000000,64.000000
390.000000,316.000000,21.000000,66.000000
393.000000,314.000000,27.000000,67.000000
409.000000,296.000000,24.000000,67.000000
414.000000,307.000000,24.000000,68.000000
441.000000,303.000000,28.000000,69.000000
457.000000,311.000000,27.000000,66.000000
469.000000,319.000000,23.000000,66.000000
479.000000,316.000000,18.000000,64.000000
480.000000,305.000000,19.000000,64.000000
482.000000,305.000000,22.000000,66.000000
492.000000,296.000000,29.000000,69.000000
512.000000,280.000000,26.000000,64.000000
526.000000,277.000000,26.000000,69.000000
542.000000,266.000000,27.000000,67.000000
558.000000,256.000000,24.000000,66.000000
566.000000,248.000000,24.000000,65.000000
576.000000,229.000000,24.000000,67.000000
583.000000,214.000000,23.000000,67.000000
590.000000,206.000000,23.000000,69.000000
603.000000,205.000000,24.000000,69.000000
611.000000,206.000000,19.000000,68.000000
596.000000,200.000000,29.000000,67.000000
578.000000,192.000000,25.000000,65.000000
577.000000,199.000000,19.000000,62.000000
561.000000,189.000000,29.000000,65.000000
531.000000,173.000000,28.000000,66.000000
513.000000,164.000000,24.000000,64.000000
509.000000,152.000000,20.000000,65.000000
491.000000,133.000000,29.000000,64.000000
458.000000,136.000000,30.000000,71.000000
450.000000,146.000000,23.000000,71.000000
455.000000,157.000000,25.000000,76.000000
464.000000,174.000000,30.000000,69.000000
485.000000,186.000000,28.000000,67.000000
497.000000,189.000000,18.000000,68.000000
493.000000,181.000000,23.000000,73.000000
505.000000,173.000000,28.000000,72.000000
521.000000,165.000000,26.000000,70.000000
540.000000,162.000000,28.000000,73.000000
