1
507.726654,189.932388,56.141060,37.380249
501.903412,188.053192,57.666817,39.744946
488.799988,193.000000,56.000000,32.000000
476.383759,191.775391,60.143227,37.088432
470.799988,194.199997,55.200001,31.400000
458.231262,188.528564,52.770512,40.564758
439.576752,186.772720,54.621315,36.723602
435.647491,183.300430,55.262180,37.337959
422.350128,181.482758,57.496960,36.891487
408.593140,179.504501,58.832932,39.967499
400.000000,177.000000,54.200001,31.000000
393.374359,183.566086,56.641850,38.614948
373.374786,182.107117,60.109962,36.877098
371.553192,180.811523,58.540829,37.381256
353.887085,180.128448,59.064335,36.595802
344.786987,175.083786,56.098068,39.827335
338.858978,173.319275,56.222797,38.142197
329.111786,163.061844,56.624371,39.361420
316.908813,162.846558,60.004059,35.397850
310.674561,159.136063,54.755985,35.383289
296.000000,158.199997,52.599998,29.799999
271.849670,150.597122,51.296463,38.250282
272.000000,157.000000,51.000000,29.000000
277.000000,155.199997,50.799999,28.799999
261.580475,154.159912,52.698486,34.827148
257.435394,153.318573,50.389633,33.892693
254.833038,150.691483,48.030636,30.010565
262.600006,140.600006,48.400002,27.600000
260.200012,143.199997,47.799999,27.200001
237.443451,148.048981,49.001724,29.797655
237.800003,158.399994,46.599998,26.799999
234.600006,174.399994,46.599998,26.600000
217.600006,171.600006,46.400002,26.600000
215.800003,165.399994,46.400002,26.400000
209.600006,167.399994,45.799999,26.200001
208.000000,175.000000,45.200001,26.000000
2
0
0
0
0
1
127.263138,180.170227,49.582058,37.135365
130.858368,183.562195,48.419693,34.837101
135.696991,186.226578,50.089634,37.212524
139.925766,188.508636,50.643913,38.785561
139.860138,187.831940,55.889771,42.834278
144.936005,193.583786,52.773666,41.459770
148.337234,196.405090,55.300205,40.038918
151.856110,199.101074,50.540180,39.072014
153.527664,205.530762,50.345703,38.528107
156.257477,208.965271,51.311207,39.379288
2
0
0
0
0
1
166.838898,175.888153,35.728024,34.487595
169.654984,177.290344,36.764225,33.369801
170.800003,177.000000,34.599998,34.000000
172.199997,179.399994,34.200001,33.599998
174.000000,181.800003,34.000000,33.599998
175.199997,183.199997,34.200001,33.799999
178.600006,185.600006,33.799999,33.799999
183.600006,181.800003,33.599998,33.599998
187.000000,188.600006,33.400002,33.400002
184.399994,191.399994,33.599998,33.599998
172.600006,207.199997,34.000000,34.000000
174.000000,201.600006,33.799999,33.799999
172.600006,188.600006,34.000000,34.000000
172.600006,186.399994,33.799999,33.799999
181.399994,177.199997,33.200001,33.200001
184.000000,177.399994,33.400002,33.400002
178.800003,173.399994,33.799999,33.799999
2
0
0
0
0
1
227.975204,220.143387,41.570068,29.655226
229.184021,223.202301,44.416424,29.808372
235.199997,224.000000,40.200001,32.000000
245.399994,226.399994,40.400002,32.200001
246.000000,227.600006,40.400002,32.200001
235.600006,220.000000,40.400002,32.200001
234.399994,218.800003,40.799999,32.400002
236.199997,218.600006,40.400002,32.200001
240.600006,222.000000,40.000000,32.000000
240.600006,226.000000,39.599998,31.799999
241.399994,225.399994,39.200001,31.600000
242.000000,223.800003,39.200001,31.400000
246.399994,226.600006,38.799999,31.200001
250.000000,224.000000,38.200001,30.799999
258.799988,232.399994,38.000000,30.799999
264.399994,243.800003,38.400002,31.200001
264.000000,245.000000,38.400002,31.400000
261.399994,246.399994,38.200001,31.200001
257.399994,247.600006,38.799999,31.799999
258.600006,253.800003,39.799999,32.599998
259.799988,255.000000,39.000000,32.200001
259.399994,260.000000,38.799999,32.000000
258.200012,265.200012,38.599998,32.000000
261.399994,266.600006,39.000000,32.200001
258.799988,271.000000,39.200001,32.400002
262.700745,272.830963,38.082703,30.423862
265.086487,273.002197,39.912102,31.558771
269.799988,274.799988,39.000000,32.000000
267.891052,274.093048,48.717693,35.619076
272.040405,279.348114,43.766502,31.887005
278.799988,288.000000,38.599998,31.799999
283.434692,289.803162,45.091206,35.399651
283.409088,290.876526,43.016403,34.242779
287.286926,295.226593,42.006325,33.257435
279.955048,292.337067,44.646030,34.555180
278.273315,290.876801,44.154583,35.233997
276.658508,291.393250,46.352650,34.718338
275.781738,293.738770,46.059338,33.617775
276.166901,293.893463,44.299065,35.737892
270.203552,297.163208,42.738583,33.335182
261.800842,297.401764,42.767483,31.176765
241.634186,320.677429,44.777519,31.502634
241.619034,327.645020,41.726971,27.327785
248.600006,332.000000,39.400002,33.000000
2
0
0
0
0
1
245.483170,308.180664,55.928802,37.052517
245.416489,309.601990,57.899395,36.374870
242.605545,313.071350,64.352516,35.796371
244.470428,316.024292,63.607479,35.148853
245.223969,318.484589,64.989388,36.921310
245.578003,323.039734,65.478073,38.973751
240.436859,325.058746,63.676498,42.325855
240.199997,334.000000,55.000000,37.000000
238.800003,340.799988,54.400002,36.599998
234.888168,341.919739,55.226173,38.299755
253.800003,349.799988,53.400002,36.000000
277.200012,352.000000,54.000000,36.599998
276.520599,339.909058,59.154861,41.975040
280.147400,338.791718,60.926228,44.252419
283.799988,342.200012,54.799999,37.200001
278.670105,336.754364,62.555603,44.536507
2
0
0
0
0
1
222.967819,342.132751,52.881203,39.196964
227.199997,339.600006,51.400002,39.599998
226.571686,339.840332,54.682671,39.244415
228.600006,338.399994,52.799999,41.000000
