1
507.490021,191.049606,55.953194,35.879585
502.934509,190.664841,54.498028,36.286469
490.000000,194.800003,54.799999,31.400000
478.112244,192.791290,57.130413,36.095745
471.200012,193.600006,54.200001,31.400000
460.403137,188.873642,52.863777,39.547871
441.425385,187.007721,52.429367,35.903481
437.160156,184.547256,51.768475,36.405064
422.161133,181.449005,52.127411,37.608307
408.757233,180.962219,55.425762,39.666248
399.000000,177.600006,52.000000,30.799999
391.614319,184.281097,52.641762,37.744263
375.730316,183.529678,58.156487,37.392525
367.580536,179.319550,56.362419,38.143936
356.194031,182.457520,55.467182,37.380135
346.796326,175.527725,54.037743,38.784119
338.628754,173.507980,55.236088,39.863518
328.379517,162.145523,53.503494,41.477680
317.798065,161.301056,57.374859,37.968182
311.014069,159.340103,53.471336,35.570385
295.799988,158.800003,49.400002,29.799999
279.195282,153.266556,45.506042,36.819759
274.399994,152.199997,47.599998,29.600000
279.399994,155.000000,47.599998,29.600000
262.219910,152.531494,51.402328,34.281712
259.643738,152.585709,49.486179,33.727905
254.000000,153.199997,47.000000,29.600000
243.800003,150.199997,47.000000,29.600000
238.600006,157.800003,46.400002,29.200001
233.000000,149.399994,46.000000,29.200001
229.800003,172.199997,45.200001,28.799999
229.000000,173.800003,44.000000,27.799999
211.000000,180.399994,44.000000,27.600000
200.399994,180.600006,43.599998,27.799999
208.461456,163.704147,49.880028,36.121155
2
0
0
0
0
1
134.047516,177.906647,43.860794,39.108017
136.087357,179.896576,47.257942,38.702316
137.000000,183.800003,47.799999,37.400002
143.600006,186.399994,48.000000,37.400002
149.388031,190.443115,43.471893,38.759415
150.979004,183.979599,50.715694,40.574402
154.508209,185.729782,49.616817,40.649132
153.600006,200.600006,48.400002,37.200001
160.324448,194.495575,46.835121,39.574295
163.091492,205.541840,43.354469,38.068527
2
0
0
0
0
1
167.148880,177.375946,35.515079,30.703176
168.190659,175.763153,35.317310,32.235229
170.869034,176.010681,34.440777,32.099667
173.800003,177.000000,36.799999,34.799999
176.199997,178.800003,36.599998,34.599998
179.600006,179.800003,37.000000,34.799999
182.000000,181.600006,37.400002,35.200001
182.600006,182.199997,38.000000,35.400002
185.000000,180.199997,38.799999,36.000000
189.199997,181.000000,38.000000,35.000000
194.199997,169.600006,38.000000,34.799999
204.399994,168.399994,37.400002,34.400002
207.000000,171.600006,37.200001,34.200001
209.199997,177.600006,36.200001,33.400002
214.199997,179.199997,35.400002,32.799999
219.000000,179.000000,34.799999,32.200001
219.399994,183.399994,34.799999,31.799999
236.000000,179.199997,34.400002,31.400000
241.600006,183.000000,34.000000,31.000000
242.600006,185.399994,33.400002,30.600000
249.600006,187.399994,33.599998,30.799999
254.199997,188.600006,33.599998,30.799999
254.199997,192.600006,33.599998,30.799999
257.200012,196.399994,34.400002,31.400000
264.799988,201.199997,34.200001,31.200001
2
0
0
0
0
1
234.902100,215.342819,54.655273,50.282295
237.919495,220.461639,56.379684,50.095692
240.166397,223.987793,56.520176,49.927631
243.149841,224.705429,55.049206,47.986675
246.399994,222.600006,56.799999,52.400002
251.775696,227.468933,57.914841,48.045166
256.039612,230.347458,59.101482,50.241978
261.907990,232.285614,61.417831,52.336380
268.036072,234.917419,60.195698,50.948597
272.000000,242.000000,59.799999,54.599998
275.737976,245.333267,59.173992,47.172215
251.615616,238.583954,56.799355,48.844223
289.057098,252.276138,59.820568,48.008522
290.514557,253.238205,62.954788,49.470074
298.463531,250.215637,59.214924,51.493401
301.200012,250.600006,59.200001,55.000000
305.600006,252.199997,59.200001,55.000000
309.200012,258.200012,58.400002,54.400002
311.884705,266.525024,57.982464,49.464325
313.071259,265.504486,61.268929,51.088432
320.596619,271.365906,57.783524,48.147560
2
0
0
0
0
1
259.708008,278.019226,76.444710,65.985870
258.475830,277.661438,79.201836,66.290527
255.189514,282.711029,82.091438,61.582512
258.815826,283.384521,83.942184,61.599831
261.799988,282.600006,80.199997,68.199997
266.797852,288.073456,81.109177,63.441277
273.319305,292.959137,75.297592,63.992989
274.444183,297.463745,74.538872,66.354210
273.135498,305.460510,75.208420,65.441681
276.314117,311.766724,74.064590,65.306358
278.221466,318.051575,73.062332,64.133400
277.000000,314.000000,83.000000,71.000000
277.600006,318.399994,83.599998,71.599998
278.200012,313.000000,85.800003,73.199997
279.399994,317.799988,86.199997,73.800003
284.200012,311.200012,87.199997,74.599998
267.799988,343.000000,88.400002,75.400002
268.000000,334.000000,88.599998,75.800003
266.600006,335.200012,86.400002,74.199997
263.200012,336.200012,85.800003,73.800003
274.600006,337.200012,86.599998,74.400002
273.000000,311.799988,85.800003,73.599998
273.600006,300.600006,85.400002,73.199997
270.399994,288.799988,86.199997,73.599998
272.200012,293.600006,85.199997,72.599998
283.000000,318.399994,85.199997,72.800003
286.399994,323.000000,84.400002,72.000000
2
0
0
0
0
1
233.199997,349.200012,59.799999,38.799999
235.399994,347.200012,60.799999,39.400002
236.800003,347.000000,61.000000,39.400002
220.199997,345.600006,60.799999,39.000000
224.000000,346.799988,60.400002,38.799999
226.199997,343.600006,60.200001,38.799999
228.199997,343.799988,60.599998,39.200001
212.399994,357.399994,60.599998,39.200001
215.000000,350.600006,60.799999,39.400002
