1
507.029755,190.969559,56.972599,35.700470
502.962280,189.676880,55.642429,37.067936
489.600006,192.000000,56.799999,32.599998
477.600006,193.600006,56.799999,32.599998
469.399994,194.000000,56.400002,32.599998
458.000000,192.600006,57.000000,32.799999
438.600006,188.800003,58.000000,33.200001
434.000000,186.399994,57.400002,32.799999
420.799988,184.000000,56.000000,32.000000
408.600006,177.000000,56.400002,32.400002
400.600006,173.399994,56.200001,32.200001
380.399994,186.800003,56.599998,32.599998
364.000000,196.399994,57.599998,33.000000
355.600006,193.600006,58.599998,33.400002
349.600006,184.800003,57.000000,32.799999
339.799988,180.600006,57.400002,33.200001
336.000000,177.600006,56.799999,33.200001
329.000000,168.199997,57.000000,33.400002
321.600006,163.800003,56.799999,33.000000
309.799988,161.600006,56.400002,32.400002
293.000000,160.600006,56.799999,33.000000
274.200012,154.800003,56.000000,32.599998
281.200012,154.399994,55.000000,32.000000
287.799988,153.000000,55.400002,32.599998
273.200012,155.000000,55.200001,32.400002
265.399994,155.600006,55.599998,32.599998
257.399994,151.600006,55.200001,32.400002
259.399994,154.600006,54.000000,31.600000
250.199997,159.000000,54.000000,31.600000
229.800003,148.800003,53.400002,31.400000
231.000000,167.199997,53.799999,31.600000
244.399994,172.399994,53.000000,31.400000
2
0
0
0
0
1
153.800003,163.000000,38.400002,37.400002
163.199997,167.199997,38.799999,37.799999
163.199997,174.800003,38.799999,37.799999
163.199997,179.399994,38.799999,37.799999
166.600006,179.800003,39.000000,38.000000
172.800003,180.600006,38.400002,37.400002
180.600006,182.000000,38.200001,37.200001
2
0
0
0
0
1
156.061005,171.447662,34.397335,37.293259
155.600006,173.199997,36.599998,34.599998
159.454498,171.438080,34.664772,39.414307
163.490509,172.678955,33.264725,40.300510
164.468094,173.355301,32.928902,38.264538
164.399994,175.600006,35.400002,33.400002
168.199997,172.800003,35.599998,33.599998
165.199997,168.199997,35.799999,33.799999
165.800003,171.000000,34.799999,33.000000
180.600006,178.000000,34.200001,32.599998
175.600006,180.399994,34.599998,32.799999
174.399994,181.199997,34.200001,32.400002
173.199997,180.199997,34.000000,32.200001
179.000000,185.199997,34.200001,32.599998
185.000000,189.199997,34.200001,32.400002
185.199997,186.600006,34.400002,32.799999
187.199997,186.399994,33.799999,32.599998
192.600006,189.800003,34.200001,33.000000
179.600006,190.600006,33.799999,32.400002
181.199997,194.800003,34.400002,33.000000
190.399994,203.000000,34.200001,32.599998
190.800003,202.000000,34.200001,32.799999
203.199997,207.399994,34.200001,33.000000
197.000000,204.600006,33.599998,32.400002
209.800003,204.399994,34.000000,32.799999
218.399994,212.800003,34.400002,33.000000
221.318787,210.893478,34.185928,38.153381
223.315033,212.562073,34.694050,37.227764
224.514374,216.794342,34.319088,34.556393
226.921158,218.806808,33.103512,34.143257
232.600006,225.399994,34.799999,33.200001
233.970459,225.404816,37.146530,37.513264
239.550156,230.121613,37.902077,33.545399
243.934036,230.344574,38.903217,34.216759
247.343811,232.330109,35.967892,31.375336
250.794128,232.004761,35.649773,34.062767
256.246338,237.637604,35.841187,33.677383
258.709961,240.724884,37.932198,37.222912
266.000000,247.600006,33.400002,31.400000
270.799988,250.800003,33.400002,31.400000
278.799988,240.800003,33.000000,31.000000
288.600006,245.000000,32.799999,30.600000
292.799988,245.000000,33.200001,30.400000
295.799988,245.199997,33.000000,30.200001
2
0
0
0
0
1
258.280518,247.686829,62.796009,40.756332
259.469116,250.341446,59.895134,42.148415
261.399994,256.000000,63.000000,39.200001
260.486145,257.491455,61.008606,41.585678
265.200012,259.600006,62.599998,39.000000
275.093903,264.061218,56.459961,38.105453
274.360535,263.570282,56.468903,38.303410
277.466797,266.580597,59.013786,39.964336
287.489014,264.447418,54.664318,40.590279
287.902466,268.584686,55.071533,43.060684
294.683136,271.300415,54.922810,42.636761
296.303528,278.098358,56.216206,42.524761
296.296661,284.373962,55.426308,44.544220
288.799988,290.200012,63.400002,40.000000
282.399994,289.600006,64.400002,40.599998
267.600006,280.200012,64.800003,40.799999
252.399994,288.399994,65.199997,41.200001
263.597595,285.165985,58.391148,41.331047
263.884155,287.114685,57.832741,42.614223
264.590485,287.346680,54.574348,42.891750
260.864502,289.302063,57.353054,40.893902
260.061676,288.121887,55.676479,42.463215
260.151978,285.477936,53.702366,43.915516
258.785889,279.289246,58.963676,40.149109
260.931000,281.019348,55.111496,36.308926
257.399994,286.399994,60.599998,38.400002
260.499237,292.256012,51.551186,40.785229
259.806915,291.722961,54.175148,41.410294
257.893494,297.668427,53.535976,38.941483
255.113510,302.691406,54.937473,38.360577
257.348572,300.935822,58.412575,41.004272
255.413330,305.530212,57.075577,38.420212
259.566833,307.421265,59.436638,38.548275
248.173553,337.830688,61.698669,36.835056
251.511444,342.286072,59.930779,34.310410
242.110535,329.249969,54.275986,37.057991
242.109314,330.500061,52.846970,35.524094
238.866028,338.985260,53.126389,34.072502
242.809326,340.972168,50.046021,32.368805
241.522980,343.741821,48.607174,34.635216
238.199997,339.000000,56.599998,36.200001
233.399994,349.600006,56.400002,36.200001
233.199997,352.799988,56.599998,36.400002
238.199997,347.600006,56.000000,35.799999
234.800003,352.799988,55.400002,35.400002
232.000000,352.600006,55.000000,35.200001
231.600006,351.399994,53.599998,34.400002
235.399994,347.799988,53.599998,34.400002
236.199997,347.799988,54.000000,34.599998
235.000000,346.000000,53.799999,34.599998
229.800003,344.200012,53.599998,34.599998
227.399994,346.000000,53.599998,34.599998
231.199997,346.000000,53.799999,34.799999
230.000000,351.200012,53.799999,34.599998
227.199997,348.600006,55.400002,35.799999
232.000000,341.799988,55.799999,36.200001
