1
507.540924,190.125992,56.435863,37.062920
502.457642,190.986008,54.273102,36.161930
490.992218,189.628250,54.483105,38.693413
476.452148,192.814178,57.691612,35.193352
470.000000,194.399994,55.799999,32.599998
459.264618,189.155472,50.845963,41.117641
437.674561,185.507187,55.874584,39.033833
434.688934,183.928955,54.591621,37.492184
422.831573,180.180023,55.468079,42.621227
405.799988,182.600006,56.599998,33.000000
392.382843,177.776596,59.418221,38.646847
387.583313,184.714966,55.152802,42.184280
369.993591,184.119934,59.852512,39.126865
366.594299,182.465439,57.683796,39.995735
349.370850,181.040985,58.673340,38.757069
344.975403,173.484421,55.422901,42.949181
338.714264,173.202942,53.855545,42.368835
329.337280,163.954773,53.051456,42.950092
315.518402,159.152725,59.602062,40.212128
308.252991,158.928925,56.764870,40.003403
293.399994,161.600006,54.200001,32.599998
277.200012,155.800003,53.599998,32.200001
277.000000,160.600006,53.200001,31.799999
266.000000,148.000000,52.200001,31.000000
260.688202,150.336441,53.056084,37.224274
254.541534,151.524582,52.012894,36.743019
250.399994,151.600006,50.400002,30.000000
261.600006,140.199997,49.799999,29.799999
264.200012,140.399994,48.000000,28.600000
254.600006,146.199997,48.200001,28.799999
2
0
0
0
0
1
153.800003,158.000000,47.000000,37.000000
154.199997,144.000000,47.200001,37.200001
153.399994,153.399994,47.000000,37.000000
137.000000,147.600006,46.799999,36.599998
132.000000,150.800003,47.200001,36.799999
116.000000,153.600006,47.200001,36.799999
105.400002,142.399994,47.000000,36.400002
110.000000,134.399994,46.799999,36.400002
118.199997,127.199997,47.000000,36.799999
122.800003,136.399994,46.400002,36.599998
122.599998,143.800003,47.200001,37.200001
105.199997,160.600006,47.799999,38.000000
99.199997,170.199997,48.200001,38.400002
2
0
0
0
0
1
162.149048,176.527557,34.505585,32.134342
162.981750,178.000763,36.162785,30.559933
165.399994,172.600006,35.400002,32.400002
167.600006,172.199997,35.799999,32.799999
164.800003,170.399994,36.200001,33.000000
158.199997,177.600006,36.599998,33.599998
147.800003,184.000000,36.400002,33.400002
152.600006,185.000000,36.200001,33.200001
154.000000,202.399994,36.200001,33.200001
155.399994,203.800003,36.400002,33.400002
161.399994,206.000000,36.400002,33.400002
164.000000,208.800003,36.400002,33.200001
166.800003,209.600006,36.799999,33.599998
172.399994,214.000000,36.200001,33.200001
176.399994,221.600006,36.000000,33.200001
178.000000,223.199997,35.599998,33.000000
180.399994,221.800003,35.200001,33.000000
184.800003,223.199997,34.799999,32.799999
187.399994,223.800003,34.400002,32.400002
192.000000,226.199997,34.400002,32.400002
197.800003,228.600006,34.000000,32.000000
212.199997,215.600006,33.599998,31.600000
219.799103,211.874496,34.911388,32.332226
220.600006,213.199997,33.200001,31.000000
221.635010,218.225052,29.824810,29.939606
223.461609,221.288895,32.711243,31.287560
229.600006,225.399994,33.400002,30.600000
232.034546,229.515778,35.655594,31.499945
236.543579,233.796982,35.526920,28.279531
239.965744,234.465576,34.819729,27.856869
241.644592,234.435593,33.160278,28.214758
246.638046,236.401093,32.990204,27.763662
251.769867,240.602280,34.089233,29.517595
253.882462,242.742813,37.351585,31.653721
261.662811,250.751709,35.980225,29.310123
268.799988,254.199997,31.799999,28.200001
271.799988,252.800003,30.799999,27.400000
261.399994,249.600006,30.600000,27.000000
261.399994,259.000000,30.799999,27.200001
266.600006,259.200012,30.400000,27.000000
263.000000,243.199997,30.600000,27.400000
267.600006,249.800003,31.000000,27.600000
262.789001,252.085968,36.886963,28.189034
261.970612,253.675797,35.971329,27.587915
260.389984,258.016693,36.272488,26.956659
262.242126,263.762390,35.267178,26.754623
264.399994,263.799988,32.599998,29.200001
262.449646,266.709503,39.971333,29.814621
260.399994,271.000000,32.799999,29.400000
259.952911,273.111176,36.921848,30.183008
262.155090,279.475250,32.121170,27.524916
267.399994,280.799988,31.600000,28.000000
269.197632,282.417389,33.386406,27.140932
273.500153,285.404633,35.637806,25.109865
272.214691,286.870758,36.918888,27.809139
273.946991,290.189850,33.784992,26.893162
276.540314,295.120636,34.520496,26.661467
279.222412,298.893982,34.136436,27.721300
283.039795,301.982086,29.887243,25.810610
284.593811,305.659241,32.698475,25.548948
284.331207,302.859619,35.208214,27.420317
282.407501,301.543365,36.790478,29.953440
275.847687,299.711945,39.650452,28.346821
275.114380,301.448059,39.000420,26.638111
265.133118,299.106598,37.282433,26.107607
266.275238,302.569153,37.161667,25.968763
261.360321,302.019012,37.464382,26.325291
259.981659,303.711731,41.425682,27.615757
257.959961,303.718079,35.241447,28.235046
259.959961,304.712097,30.107880,29.040567
257.448303,306.070251,28.000374,28.468710
257.000000,310.799988,31.000000,27.400000
252.910156,315.358765,26.964527,21.957813
254.377975,317.605133,25.400906,21.482279
251.917786,320.087952,29.050961,23.470531
246.514404,323.313171,27.432627,23.476820
246.675659,324.218872,28.435555,24.490959
245.879929,322.690674,28.609352,24.393475
246.183762,327.404785,30.456696,24.784815
244.522324,328.651337,29.279324,23.454798
242.122009,332.785065,30.960642,23.409458
241.993225,338.286743,31.175976,26.566290
240.737518,341.785645,30.584717,26.769445
242.694229,349.180634,30.525553,24.952682
242.471161,353.175995,28.766247,23.959982
241.199997,353.600006,28.799999,25.799999
241.600006,357.799988,28.200001,25.200001
242.000000,356.000000,29.000000,25.400000
236.600006,363.799988,29.000000,25.400000
235.600006,363.799988,28.600000,25.200001
230.181534,360.827881,31.014231,27.734724
233.600006,360.399994,29.400000,25.600000
234.600006,359.000000,29.600000,25.799999
233.015305,354.281128,33.998547,27.952415
233.246552,351.910706,35.002724,29.604301
232.297073,351.089050,34.482430,27.952461
226.464066,350.746582,34.157032,29.251814
225.173630,350.493622,33.770897,30.010221
228.292435,354.126434,34.150841,27.568272
233.199997,354.200012,30.200001,26.799999
230.399994,351.799988,30.000000,26.200001
225.777985,350.655640,35.999527,30.517778
