1
255.778931,110.670815,142.579514,144.543716
253.977005,102.473351,131.433624,145.000504
270.924316,83.984245,124.596855,151.590012
262.399994,58.400002,152.600006,141.399994
288.126923,49.211807,114.496040,150.064789
283.475433,51.726227,109.518120,149.548141
282.155212,53.490974,110.137604,151.290909
290.247711,55.717087,101.839394,146.109985
265.399994,66.599998,149.600006,138.800003
312.336853,66.595146,97.911987,140.298660
310.926727,75.505264,100.134590,136.853119
305.755737,89.624626,96.454437,134.104874
291.966797,106.868645,99.627686,135.040817
293.603485,110.384048,101.202827,135.214691
289.781464,107.216606,106.635841,133.597397
291.803375,107.043526,103.962410,132.534958
269.081421,113.194786,110.867226,131.918564
263.284943,112.204170,108.100044,125.307632
246.171249,108.808647,113.759003,126.554733
240.939178,97.302734,112.119392,124.848518
235.782349,90.234573,109.981735,123.259895
227.731049,94.197327,113.325943,119.244606
215.133682,105.270607,114.385048,116.188156
208.862091,110.354492,112.706436,113.247398
206.610397,112.353622,114.885414,112.379311
207.286804,120.134552,114.335625,110.289886
203.593658,131.332993,115.912033,110.549553
202.469757,143.702972,115.398758,107.891273
194.511307,155.858017,116.886375,111.898895
186.387756,165.059937,115.903610,109.222229
192.119431,171.734589,116.125557,109.071861
196.084686,176.299011,114.492592,110.240417
190.897385,182.529480,117.215973,109.148071
191.305313,187.314499,115.608154,106.306129
198.148560,185.846375,114.976242,107.010971
201.711945,173.405212,113.119400,105.238098
201.358536,161.685730,111.618744,101.425491
204.764801,156.949677,109.272202,101.896118
210.203079,155.419800,108.396324,98.788589
209.305115,147.432220,110.144455,100.924210
212.641571,138.575958,108.490410,98.278374
224.044983,137.410339,105.022659,96.621132
230.255463,140.162445,102.217041,96.427078
229.535080,141.007782,100.814545,98.108322
236.667999,133.961929,97.957214,98.701912
241.917603,127.428574,97.180786,99.538475
241.751801,121.633438,93.857971,98.243286
228.951904,121.765800,95.150398,98.474838
231.416962,96.643509,91.527946,98.444984
223.096741,83.587082,93.710327,97.975044
217.993317,81.062721,88.938553,94.934372
214.552673,76.984970,89.524170,93.340324
220.639862,54.845955,90.367180,91.868454
227.291656,51.117233,88.712234,88.384293
223.665283,58.097393,88.193954,88.387123
218.185364,58.813393,88.339783,84.539566
226.806122,55.473942,85.842598,83.246758
230.494110,67.132080,83.348267,81.511932
225.403656,86.760368,86.742599,81.251114
221.744934,99.267151,91.812248,81.394142
218.550262,111.149017,83.606613,78.885368
216.240234,120.084488,84.351631,81.422859
216.496918,120.649467,82.115547,81.751572
200.371338,122.467049,79.666824,80.079178
187.902618,114.806793,81.384430,83.909767
184.996307,91.915115,79.657547,82.461426
172.844086,81.740555,83.130859,82.865425
156.169922,87.158371,88.520538,85.335052
138.495865,97.174728,91.693275,86.255157
127.304817,89.124756,91.005630,90.410789
125.757812,78.092232,92.555267,89.830750
126.717010,72.344933,95.654541,94.063278
127.713394,68.995682,96.124275,94.847618
130.756973,70.582123,94.829704,97.269562
128.581512,81.421265,94.886063,95.232841
134.498291,83.616470,94.773552,95.492622
142.847076,82.111359,94.657402,102.238373
145.014099,86.115677,95.012100,95.322784
145.319717,78.228371,94.643776,97.609329
142.611984,87.631073,90.711029,98.247963
139.367401,100.546890,90.318375,98.585052
133.038589,95.481262,91.590790,97.921478
136.436340,83.362663,90.592453,97.354050
143.325851,82.597366,86.725525,92.933189
145.475128,86.311554,86.661514,92.499550
148.993378,86.723907,86.664444,92.991631
150.701050,88.691986,88.747757,91.776085
157.799316,92.243752,89.761314,90.791824
162.747467,96.579697,91.937065,89.659668
163.996811,102.144958,96.602013,90.287292
170.937225,111.189056,99.169670,89.564240
173.364838,115.612228,102.541870,88.716545
182.222748,118.822556,105.685806,90.671997
189.037964,121.200066,106.726135,90.265610
183.986069,133.714691,104.100037,90.214249
178.559204,142.060028,107.838707,92.114113
182.578491,136.593628,106.586739,92.136292
187.583069,126.060989,102.648499,90.062355
183.244781,121.884338,100.481613,88.564919
174.311172,118.835358,99.729362,88.604004
174.792480,115.220207,96.583206,88.155899
174.937012,113.963257,98.370155,90.302742
171.875916,117.800018,98.954483,90.925529
170.578278,119.275040,98.103073,92.105782
167.712494,123.656540,99.670029,93.782288
164.174301,129.827087,98.676170,97.529732
162.720428,127.980804,99.692062,97.237984
173.299133,117.396858,101.211426,100.220627
189.839417,107.459167,99.955322,102.028046
179.351242,102.880806,101.583534,101.062607
166.187012,94.474609,103.627632,102.048744
164.387192,78.008835,103.101555,104.727814
154.434036,63.017506,109.552063,104.055656
136.841141,49.755081,110.237793,109.158035
114.415535,43.287746,111.478897,108.933601
111.441895,33.495445,116.165398,111.937180
119.444092,27.477390,115.088524,110.968117
119.558823,35.496197,118.661835,113.807365
103.311615,42.878494,126.804192,120.777374
88.970863,47.098644,126.295944,120.733284
92.876083,59.962456,126.538612,121.920395
102.140923,71.370262,130.483475,122.742203
110.479149,73.359558,131.737076,128.760803
113.133652,77.317268,130.852295,128.254959
113.003250,72.104530,130.631989,132.037369
113.949257,68.632820,134.596268,134.681137
121.236282,67.454926,148.530365,135.431183
126.204803,60.443161,155.094543,138.062988
133.478607,57.655510,141.858093,138.358383
131.555389,59.546997,140.181412,138.807648
132.922791,57.895546,136.912186,139.988800
133.501434,55.139175,144.059937,140.458496
133.439468,51.240662,141.882416,143.490875
128.962280,49.449799,141.152359,143.222458
120.429611,45.739616,151.609314,141.524475
118.670403,45.716316,156.972366,147.830719
126.437691,46.918510,149.953018,147.985748
124.839897,50.818123,150.381485,148.078583
116.920403,58.628151,163.857407,152.130478
126.343460,60.650909,163.291229,154.176880
134.225128,60.145264,159.985184,153.140869
130.948563,49.478302,161.284271,154.572739
126.471375,42.816208,176.318787,161.244064
149.416931,33.892586,166.297607,160.642365
153.705338,31.478157,164.378876,161.722443
132.698730,33.410736,178.433334,165.875580
120.676353,35.562469,183.002274,168.104324
133.533813,35.697075,178.462494,167.211456
136.973602,40.521881,185.093155,170.505554
137.966522,49.482971,180.260025,168.495575
126.579002,58.004005,188.831131,171.827133
124.965675,62.893845,191.104446,174.427338
132.759613,65.937187,189.271774,172.865555
130.784180,72.520607,203.082504,178.181931
138.673676,74.779327,206.727371,181.596252
131.576385,74.998627,202.781387,182.342682
117.292717,79.715134,204.340622,189.551208
126.374680,81.844864,206.200165,189.111755
137.076843,74.593842,207.103348,185.752411
141.217194,63.061485,210.257492,188.613419
127.613411,56.297539,212.569839,186.783493
115.726868,56.846008,213.966461,188.381134
122.692032,57.450005,207.510529,193.456985
128.985275,61.599167,217.213104,191.428314
141.195801,57.388771,208.895630,192.534012
139.218246,57.597717,214.834259,191.436523
134.383194,56.745834,218.161041,193.197601
134.859467,57.790833,211.476822,197.298218
123.383789,59.421295,220.137421,196.078583
113.777557,67.357864,222.955048,196.198456
116.507980,65.515923,217.429199,199.100510
106.741112,70.022987,221.522324,194.773392
102.682999,73.759598,226.409760,198.135925
105.245796,78.196671,224.337418,196.389008
105.478203,76.618912,223.175278,196.941467
100.712105,76.608215,220.198715,194.921722
100.969025,76.318375,218.409454,195.209778
107.069687,69.869774,221.428680,199.127579
114.298172,71.163849,225.463287,195.683960
113.824532,68.312759,223.702042,197.747101
113.471657,73.490387,222.322891,194.554626
113.145691,68.438271,220.942566,202.388840
115.805740,68.080147,219.701263,193.916122
111.345955,67.528419,221.005661,195.683029
105.871567,62.598854,220.313293,203.042648
105.302376,62.546875,221.451492,201.178497
107.564125,61.756187,220.114731,199.527298
105.646370,63.858269,222.967209,201.297165
106.955338,67.817116,219.243805,199.006027
105.296120,72.548378,217.899612,195.029404
102.987968,76.743645,218.047348,197.035080
104.119308,78.651215,219.264282,196.541382
106.155457,75.570221,218.100342,202.224091
103.599953,78.974442,222.164352,199.320648
104.764908,75.872879,221.829132,205.965088
