1
528.000000,57.400002,19.400000,20.400000
526.429016,64.359428,17.538525,21.214514
524.400024,76.400002,19.600000,20.799999
524.200012,88.199997,19.799999,21.000000
522.200012,99.800003,19.799999,21.200001
520.000000,111.800003,20.000000,21.400000
517.799988,124.000000,19.600000,21.000000
513.599976,136.000000,19.600000,21.000000
511.399994,147.600006,19.600000,20.799999
2
0
0
0
0
1
577.200012,210.800003,15.000000,14.600000
2
0
0
0
0
1
613.499573,264.278961,17.068592,16.778927
618.698303,264.787384,16.853146,17.004372
622.036316,264.875641,16.582752,18.784468
624.427246,265.735535,18.095587,15.410295
629.200012,267.600006,15.200000,14.200000
632.500854,271.611938,16.691391,15.803798
636.505676,273.822235,13.445581,13.740455
638.142090,271.373199,16.172207,16.798586
642.309387,269.874420,12.607469,15.960241
638.651428,266.653687,15.764909,16.362518
642.960571,266.480164,15.282154,18.383501
641.683411,267.464966,14.706216,17.216473
643.726807,270.742493,16.072876,17.843328
647.660889,274.384125,11.371973,17.213390
644.061646,277.331024,16.293917,17.464048
652.665100,278.719940,13.636168,12.594012
649.181519,277.035706,15.326162,17.491512
653.676086,276.708832,13.808499,15.369349
