1
525.673889,58.374874,22.146580,19.438425
526.369385,64.057899,17.966581,21.738058
525.000000,76.599998,19.000000,20.000000
523.599976,87.800003,19.000000,20.000000
521.599976,99.400002,19.000000,19.799999
521.599976,110.599998,18.799999,19.600000
518.799988,121.800003,19.000000,19.799999
2
0
0
0
0
1
560.799988,193.600006,14.400000,14.400000
558.599976,199.000000,14.200000,14.200000
2
0
0
0
0
1
610.200012,268.399994,15.000000,14.000000
614.378906,265.533173,16.397762,14.021731
618.799988,265.600006,14.800000,13.600000
622.798035,266.804169,15.287420,14.235561
628.705505,267.995819,12.408638,11.585184
629.404053,267.395538,12.697268,15.602633
634.200012,272.799988,14.000000,12.800000
635.037598,274.516602,12.921904,11.783537
637.310730,272.575592,17.156809,12.839456
641.694885,270.200409,11.466301,13.327126
640.744629,268.336334,12.868528,13.092638
643.030090,267.361115,14.274664,15.616141
642.317627,268.391235,13.839950,15.734702
644.928284,271.738007,13.696654,14.761824
644.510864,273.714996,12.938993,16.737782
645.600647,278.215912,13.430109,14.325539
650.641174,278.025360,12.831433,13.902635
650.921692,278.104401,13.255234,14.722155
653.239258,277.244110,13.363477,15.501543
