1
527.158447,58.857944,19.304745,19.181541
526.488098,64.523575,17.534412,20.622711
525.000000,76.000000,19.799999,20.799999
524.101562,91.537476,16.619183,17.197977
522.200012,99.599998,19.600000,20.600000
520.799988,109.800003,19.799999,21.000000
518.400024,121.400002,19.600000,20.799999
2
0
0
0
0
1
561.000000,193.399994,14.400000,14.000000
2
0
0
0
0
1
608.902466,263.436310,14.374680,13.451123
610.200012,267.399994,15.600000,14.600000
614.033691,264.327789,14.813140,14.914705
617.137878,266.036316,16.672434,14.299972
621.641785,264.979187,15.363716,14.576527
625.525085,266.467346,14.207263,13.640531
629.476135,266.307373,12.683800,14.705076
631.888489,270.917450,15.482826,13.984583
633.599976,272.200012,14.200000,14.000000
636.822449,271.851807,15.320641,12.570419
640.333740,270.859680,13.708422,15.317008
639.383423,266.312134,13.556880,13.586377
642.949219,268.724304,14.229715,13.972829
641.732971,267.824829,13.512144,13.563001
643.133179,272.957123,15.149265,13.881053
646.196655,275.036346,10.904083,14.275792
645.343323,275.745392,13.453810,14.359703
650.792603,278.766693,13.125559,13.295621
650.070007,276.840393,14.085901,14.505968
652.295044,277.343719,13.241961,14.958231
