1
526.495605,59.289982,20.635515,17.525351
526.276184,64.448151,17.983698,20.820446
523.400024,76.400002,19.000000,20.000000
523.400024,87.599998,18.799999,19.799999
2
0
0
0
0
1
531.400024,171.000000,15.600000,14.600000
539.599976,176.800003,15.400000,14.400000
2
0
0
0
0
1
599.000000,243.199997,16.000000,15.000000
598.400024,249.800003,16.000000,15.000000
2
0
0
0
0
1
629.200012,267.000000,14.400000,13.000000
634.799988,270.399994,14.000000,13.000000
635.000000,273.200012,14.000000,13.000000
639.000000,270.799988,14.000000,13.000000
641.200012,269.799988,13.800000,13.000000
639.988403,266.946198,13.476379,13.988280
643.800171,265.662262,13.434207,16.340813
640.236389,266.418457,16.173862,15.831355
645.739380,270.403992,12.443589,16.221016
644.308594,272.633636,13.188402,17.226170
643.607910,276.358612,15.738095,15.834301
650.088074,275.845276,14.852173,14.675917
650.155640,276.511414,13.637469,16.176455
654.040405,275.889099,12.114911,15.201405
