1
526.455322,58.821243,20.899616,19.697203
526.104492,64.968941,18.258162,19.632812
526.599976,75.599998,18.400000,19.400000
523.799988,87.000000,18.400000,19.400000
2
0
0
0
0
1
531.799988,171.000000,15.800000,15.000000
540.400024,174.800003,16.000000,15.000000
2
0
0
0
0
1
600.134521,243.489670,14.370008,14.643466
2
0
0
0
0
1
627.400024,265.399994,14.000000,13.000000
630.822937,266.581970,11.534079,14.121743
634.000000,271.399994,13.800000,13.000000
634.000000,272.600006,13.200000,12.400000
637.453247,271.004730,17.382259,13.645107
642.000000,269.200012,13.000000,12.200000
640.888550,266.962341,13.302045,11.749633
644.767639,267.296143,11.871376,14.187426
642.989563,267.432892,13.536925,13.883608
645.066223,271.772919,14.053066,14.667784
646.979004,273.448151,10.404554,15.230110
645.744507,277.833527,13.853721,11.986957
653.103271,278.561066,12.532670,11.469791
650.750549,277.478973,14.214378,12.430927
654.567505,277.511719,11.974679,13.958403
