1
246.795258,167.904297,107.867928,113.619698
237.903732,183.021072,109.032570,101.095741
222.453003,201.292694,103.236008,99.893501
209.790421,208.729141,116.527130,110.206512
222.329971,205.681458,103.430458,104.830933
220.109116,193.102997,108.324684,114.233963
209.814087,197.911499,119.062943,103.763718
193.800003,203.399994,114.599998,111.400002
150.869919,254.490845,109.707153,100.753670
216.000000,242.800003,116.000000,113.000000
251.313248,225.740677,105.733238,105.237282
220.498474,207.821747,123.547195,105.886345
215.571777,200.476898,115.196648,110.552261
199.207764,201.935623,130.287491,103.593819
196.965424,208.381927,105.828728,105.735962
189.483978,215.537155,119.649307,109.154625
207.993088,212.094635,106.279091,100.696770
225.416779,190.157959,100.314102,102.802994
220.230179,149.083160,108.423492,104.751266
196.404816,143.017685,115.610825,103.635712
209.720383,164.475540,106.900299,97.311272
235.399994,188.399994,111.599998,108.599998
261.931274,228.651596,112.466530,100.565147
269.077454,239.269135,113.790314,108.281006
247.669434,242.495255,132.286606,102.614479
242.480347,246.356934,112.221199,106.386101
234.928146,246.177673,118.644745,114.233353
233.950897,240.068497,106.644035,108.129555
230.346130,223.514893,103.274956,109.830513
228.178406,211.012024,107.083176,115.066154
230.598572,206.480774,112.057266,106.646927
248.431885,196.861099,100.553223,107.153603
245.613434,177.022690,104.403976,103.186592
231.549347,156.029160,110.700623,108.710022
226.605179,132.544174,104.103416,111.572365
219.038025,120.357361,129.419235,106.447693
239.493073,126.931992,125.730728,109.062828
247.977753,128.983551,117.555954,112.343674
259.155609,138.885849,105.217720,110.374245
271.959167,176.483505,107.007278,106.494049
275.711304,220.071320,106.057159,107.030205
274.027222,231.156433,113.093727,108.469185
276.068054,231.368484,110.927299,117.288231
272.114105,228.256699,112.954948,113.358795
268.498962,216.159576,108.133492,114.802719
267.857086,207.537262,105.857300,116.894882
272.853058,197.917206,103.433846,111.738342
276.548920,162.133408,99.123840,108.782707
271.232117,155.846161,106.401146,113.919586
278.622192,173.955063,102.865746,115.810081
262.850281,176.637726,119.817268,116.683121
265.519318,174.028275,111.417053,115.698082
270.381531,173.030823,113.343887,117.726990
274.234436,180.069534,119.123970,113.110115
287.427032,190.235001,107.176102,116.233307
284.341095,202.978851,111.714867,108.554443
245.505127,210.346924,141.502090,106.243698
211.795349,208.039642,136.567215,101.317741
198.573746,204.949997,120.724525,110.662628
196.561798,204.533447,131.012711,105.756592
221.044312,205.892822,143.343628,105.554924
252.585938,207.089905,148.342590,105.720207
294.191803,208.734314,145.417007,106.930717
333.558136,213.356308,116.897591,112.350372
323.463104,216.507812,126.854065,110.925278
319.607025,208.315247,116.027794,111.029984
292.575439,182.498764,121.568855,109.808250
259.926056,164.889008,122.162193,110.771034
239.198517,153.001297,118.900932,114.932686
244.663162,168.481857,108.568260,111.300835
253.305939,183.480255,107.124260,107.261917
259.136993,196.634079,107.359261,111.017708
268.698212,209.627167,127.405655,109.426460
290.570190,220.309509,128.979050,107.448784
311.587219,229.367905,108.477936,111.227264
307.862640,239.488190,108.942177,107.536011
293.229828,247.273407,118.187431,108.345474
279.873962,243.650711,127.035263,109.166237
250.182617,231.805359,133.112167,107.732010
219.646118,226.925613,139.333130,102.499962
210.183899,224.957443,115.696716,111.468285
209.680466,229.145447,114.596161,116.046616
220.667938,227.968857,111.941887,106.342308
240.402573,211.223022,106.110207,105.051460
259.726257,182.615524,102.259674,108.503456
270.320740,151.107224,108.615959,104.058197
283.373688,140.326309,141.194580,102.718147
310.500061,139.619965,129.187653,113.944450
330.458160,150.346863,109.693123,115.394714
328.829285,165.433868,106.540016,110.092049
312.108459,177.578888,119.206200,107.815689
292.176544,191.881378,114.130943,104.005615
268.840607,204.857590,112.967064,107.732018
248.324677,224.754623,114.140305,104.132896
227.243042,222.439514,129.315475,112.396347
224.022736,213.722839,113.139816,109.061287
203.424469,200.024887,128.222061,115.279869
205.451096,197.484558,111.093414,115.873672
214.369446,193.551880,112.377335,107.330795
234.056656,174.969803,110.047890,110.131233
235.567352,163.878479,132.563721,108.075600
252.665955,168.245972,125.788132,110.429550
277.886108,187.980331,119.894493,112.722961
300.150482,214.662277,116.452759,108.806610
304.810364,218.832550,113.844696,113.952644
290.840454,204.529266,122.905670,110.942879
241.964417,190.372864,149.868530,105.259834
201.241928,194.470490,132.188934,102.210358
179.949860,206.478134,112.264748,108.898354
169.564423,224.772888,107.327682,115.341499
160.196152,231.708038,116.643951,115.305611
185.483658,219.449188,105.089790,104.371819
204.131256,190.917465,107.878403,104.841270
220.306137,171.276566,119.971703,107.426392
238.181015,170.625961,105.839211,114.491005
238.008972,191.561203,102.656555,107.393929
226.240814,199.061325,112.929733,118.293007
228.459625,198.961700,103.843147,114.828362
229.297592,192.182495,118.250885,107.838486
236.700851,190.090378,119.049477,117.172363
238.856079,203.339722,109.026596,113.303162
223.047852,217.225174,116.200195,108.135887
202.206085,216.482147,126.673698,116.352829
209.570343,203.710754,106.569023,115.836433
200.807816,187.218979,113.958092,116.093834
196.138519,186.310181,112.010918,113.250603
202.061783,202.321655,109.058617,110.963516
214.601822,232.518646,106.531952,107.325424
208.777557,248.924316,110.343826,112.766792
205.570587,246.817719,111.117310,113.067795
206.066864,226.314697,106.723137,109.764908
210.209244,200.435822,104.147850,107.245956
192.121063,180.760056,116.850716,107.096565
162.906006,169.678406,131.897568,110.049255
167.835739,178.438599,105.565674,112.851746
167.583282,195.628296,121.449440,108.348351
174.894714,198.698334,135.919342,110.659943
191.621490,200.666550,139.894836,105.641426
217.319763,206.922012,131.311768,111.101540
248.189560,220.617630,126.640472,112.045326
270.262085,235.657257,131.792847,109.815292
291.528564,237.751877,123.797127,114.343292
276.634552,231.820618,138.923416,113.018478
233.016113,224.416748,144.117661,105.765640
188.414642,214.115341,150.343735,106.635651
155.446716,213.333008,144.179581,105.764290
125.612595,219.396881,142.413513,104.945862
99.088387,218.590347,134.420120,112.502907
116.674149,209.040924,123.355316,107.990402
158.065216,194.345490,147.627579,108.242050
204.256760,188.545593,139.024506,107.097404
225.858109,182.293121,116.627724,114.650291
227.531677,184.099854,117.186699,115.866318
234.660980,198.215073,116.625488,106.684059
245.608200,208.165802,109.361107,111.222725
217.547424,216.370941,139.047729,104.066162
183.087585,218.529343,142.852371,99.827248
166.840698,218.176147,123.778770,110.471672
165.637924,222.899429,134.078125,105.800758
202.260986,220.833221,140.379272,99.668411
244.291779,206.761505,148.961548,110.580559
275.310150,208.217468,115.152855,116.708122
261.451630,210.553207,127.797974,113.597755
257.351654,201.261353,116.052353,114.055740
248.585464,192.651978,123.619484,114.323868
249.694168,188.280457,109.508209,114.846024
244.996933,181.379181,129.140045,112.003044
262.191650,188.234589,123.138725,111.852783
275.827209,196.074066,108.544525,113.156006
255.249268,201.292877,133.172180,102.085892
234.369461,207.754654,119.670494,99.988312
212.546219,228.092636,104.732819,101.296234
185.777130,242.741486,114.301483,105.091385
169.756195,244.374237,122.074348,112.273811
176.246094,241.125641,121.687546,108.804199
196.716309,235.095840,129.784195,104.557465
201.410400,231.889343,130.061813,113.071533
179.493896,229.394867,140.419876,108.727608
168.178192,222.578278,129.127396,114.774963
170.307587,218.566605,114.342300,110.972618
181.637848,215.399399,142.273117,102.256264
232.800888,208.353745,133.810822,102.243385
274.023438,198.267365,120.452682,101.748520
266.194214,190.433289,137.867737,108.999252
230.761276,187.104874,144.435883,106.051971
203.771973,177.587219,137.368881,109.973495
186.496902,175.709656,134.970123,108.223930
175.070404,182.943893,121.308548,101.311836
165.537323,183.932083,117.832085,111.311043
164.943176,186.729752,132.047150,105.476990
201.514587,188.269104,142.753296,103.993179
250.693359,193.700745,142.051773,100.286827
289.136017,192.134445,120.042847,106.158592
282.626953,186.564697,128.820358,107.520462
266.564484,192.408081,126.196129,103.697731
247.219604,197.331207,125.807205,100.188408
229.931137,205.826904,114.951195,104.563370
197.703308,211.928040,137.710266,103.697151
169.772400,199.248795,122.596268,108.745491
134.355377,186.132385,130.963226,107.530563
135.030548,180.732254,125.623199,110.432121
149.278870,185.197052,136.811508,103.718132
177.577789,188.119736,132.940842,109.396645
189.983200,191.722214,120.192383,111.159828
194.572205,183.948898,105.855164,111.072197
196.353546,174.295654,110.657196,110.908440
201.255798,168.467789,120.300949,107.167809
212.711853,168.555145,117.418808,109.991348
222.320099,175.280731,103.816269,112.207405
208.252762,189.013046,109.429970,106.762810
209.170700,203.027924,103.047020,112.823723
219.266083,232.510071,111.645264,106.439209
228.557739,244.681946,102.194954,108.490051
202.225189,248.427353,131.117416,104.632233
197.399567,240.449310,107.110825,101.281021
191.193542,221.946716,102.693497,102.599808
189.141571,178.802368,99.887619,104.790695
185.823151,158.232452,119.215164,102.570152
200.294479,157.226929,122.423248,106.906898
218.643585,169.573395,117.156631,106.270279
233.552704,183.781631,124.647881,106.794090
240.151581,184.475677,119.162415,108.918114
227.616135,184.891510,124.358910,104.569786
207.066742,192.466507,122.909561,101.272736
194.355469,202.234985,109.996681,99.873779
190.160294,209.218765,106.735847,107.311127
190.299469,214.593124,112.278114,108.659523
192.116577,205.878830,106.323311,108.826698
192.895721,187.285309,103.279617,109.408920
198.398956,165.437592,113.744789,99.860092
222.094910,159.777863,144.081436,104.519402
265.276489,166.376877,132.241943,105.982391
300.201599,185.610001,106.884888,108.597870
303.172943,205.462799,106.873978,113.590530
300.076477,216.257248,103.060173,108.650536
291.712555,222.227783,118.714577,106.333145
301.263245,217.060181,110.130280,109.112000
287.880188,220.672577,119.954269,100.486343
257.183685,227.335617,132.315414,96.576935
234.075409,225.099197,122.556450,104.543114
233.719193,233.298111,106.554649,106.849876
214.638702,239.649231,125.477715,101.102219
213.657104,228.977631,104.090462,108.386246
213.699020,213.329697,103.300629,107.360435
217.265015,204.155609,106.195602,108.544662
215.960800,202.490707,121.546120,101.023567
227.712265,201.414612,130.027008,99.356430
256.761597,196.300552,102.283470,96.600853
264.779144,176.876953,103.134468,105.521431
258.312042,165.310196,115.423050,106.451149
279.724609,184.925354,104.395615,99.126541
293.388733,221.513855,98.546906,98.831711
283.495605,247.351898,102.149155,102.429985
259.621918,254.939545,121.746750,104.689201
261.808136,236.431427,101.210159,102.257751
256.889252,192.776978,101.527039,102.502029
245.860886,163.045593,107.192039,110.381416
229.658768,153.376892,126.138214,110.861946
224.361389,162.955978,115.919868,100.103333
205.901840,166.230530,115.368309,108.779587
213.081635,168.843018,121.733894,99.305641
246.584290,158.119568,114.742813,99.072220
263.361206,142.349152,115.589302,106.261238
274.625824,138.492950,120.175423,108.587135
283.709564,153.855026,102.284172,105.842125
261.638336,172.565735,109.806931,104.062981
241.038208,183.337097,114.701347,101.886124
235.612656,182.813110,111.019432,110.554062
235.597458,181.214066,118.552467,109.206451
249.650482,185.251343,107.855774,106.102730
238.859650,199.499146,111.883430,98.349861
205.963531,209.223434,120.382980,96.629852
199.713547,207.912491,114.469452,106.203217
215.959167,201.946075,106.697029,101.272766
228.176254,188.273819,108.306854,99.130524
236.110092,180.063049,118.820580,108.902733
247.677017,189.438797,99.176796,108.173653
244.076294,196.882446,100.554153,106.678612
236.637634,201.799225,110.951477,106.741020
226.651184,208.591675,113.184860,99.543282
214.166382,220.023376,104.873032,100.835869
210.464142,229.205994,108.172112,107.735962
214.589310,236.751083,114.925201,102.802338
223.137375,229.337860,108.579628,109.022713
209.824188,223.171387,122.360161,107.745911
214.063751,219.077225,108.440063,109.832497
226.345779,213.564758,107.863373,100.494804
253.201187,187.843063,107.686989,102.091095
276.085022,161.937729,107.259590,105.673378
279.520020,157.927124,108.922012,108.568855
285.306366,164.611130,101.693909,113.067924
282.220154,194.254913,97.881760,105.140610
275.218445,217.624207,97.545242,101.578506
255.273102,228.280457,119.888252,99.994499
233.324966,228.204163,128.108795,96.523735
216.822510,226.274246,110.477180,100.477142
219.822357,236.322327,107.178543,103.008240
222.220261,246.286987,120.163734,102.436539
240.789856,242.717224,100.144272,101.340744
245.151367,225.770020,99.248306,103.808052
243.797913,208.609528,100.710815,101.088638
243.223740,208.963943,137.335236,101.614281
277.491577,211.479034,136.335022,99.062309
303.037018,206.701477,106.122299,109.451607
288.729797,201.731598,119.791809,106.165985
276.411865,200.844513,117.700867,99.848251
275.644470,210.873322,98.697952,102.792542
271.243225,225.635849,100.378288,104.063698
257.125946,236.772842,108.347115,104.094757
250.476471,238.207214,110.942017,105.660965
264.147858,234.978409,102.573715,99.334694
271.635223,225.715012,98.903664,103.420135
263.649017,216.781387,109.994156,102.368324
262.306427,209.145569,100.038086,104.156487
259.858765,203.267624,99.659134,106.573769
257.065674,203.795654,113.531265,102.316528
272.312012,196.163620,97.926048,102.400795
270.841614,188.557571,104.664459,105.823853
276.018005,197.886627,100.895180,101.976448
284.481720,212.311432,103.764206,101.091476
289.043091,222.765076,107.942566,103.192947
287.107361,229.052109,110.623589,101.849159
267.257721,230.421158,126.646156,94.454918
240.269424,236.782730,127.039528,95.676048
221.098801,234.700958,119.147667,100.627609
218.289948,224.586487,105.142868,104.405457
208.787262,196.540283,104.227242,103.832237
207.409256,168.939072,98.375397,103.745064
206.202271,161.580261,118.677261,101.982758
223.311523,170.843781,115.141190,103.075363
236.707367,178.187057,115.786438,104.499634
241.746307,180.279175,114.782639,104.628159
252.651901,184.866211,115.989288,106.033432
268.683380,201.174789,108.226189,105.779686
285.794800,228.404724,104.910660,101.255966
295.656891,245.561310,101.488121,106.106812
289.271851,245.873672,101.432068,99.655434
282.551483,216.722321,101.257339,101.323601
263.433380,199.484024,119.072762,100.315666
240.014069,195.583969,124.166153,94.876305
225.523193,201.981140,101.488327,93.289619
225.179474,219.495911,94.352158,99.148621
220.447464,229.020187,120.487938,97.608009
240.142044,232.216599,114.270905,93.403114
259.862091,226.320557,119.214615,97.580444
278.607483,230.640991,101.348953,100.289352
282.034027,241.510101,96.534294,100.799744
277.723358,255.469269,96.011826,101.504700
270.709869,256.652527,103.661659,106.022957
275.640411,253.048615,97.486282,106.720932
275.918793,248.122192,98.816795,105.301338
280.563843,237.833893,95.683945,102.298340
276.123291,229.412170,104.665947,105.306206
271.393646,230.216644,105.986168,102.215691
261.014923,236.035431,106.979019,101.892685
251.562180,238.610825,109.708046,104.063515
258.571655,230.003311,97.537964,104.422081
256.747742,219.157532,99.032921,104.198196
245.439575,214.381271,111.054077,101.951378
248.281860,216.380219,99.620918,106.338516
245.302490,221.571594,114.754135,104.592651
255.091660,223.943573,122.132904,102.112930
278.164673,217.210907,102.628593,100.135429
293.721283,196.927841,102.345207,109.207207
293.127289,186.463196,104.433968,109.851959
286.982849,186.009384,106.124931,106.106087
285.473755,193.261108,96.859428,105.261612
280.589752,203.670319,98.973694,99.165192
251.929138,209.368927,124.891533,93.297348
236.678726,201.220367,110.631561,100.138481
221.170761,189.543076,104.097321,102.526726
228.883484,195.121429,92.329453,103.623764
233.041443,216.223129,103.393784,100.283470
250.732697,255.547424,106.631783,98.539970
269.148895,280.185974,118.014854,92.482513
305.145905,263.361115,94.995201,93.323486
321.100525,241.654846,91.456940,94.971848
314.926178,227.810669,104.034157,98.915894
289.404419,222.290863,115.745255,93.878220
276.266937,228.975510,102.405846,92.617516
235.526825,237.779327,128.093185,91.604843
221.951447,233.883621,107.179123,100.731651
230.249039,236.012802,131.182159,91.198822
271.262695,236.430267,129.404007,89.019539
305.471344,234.768768,116.073586,91.917366
326.777161,227.452698,111.148193,96.006706
337.328125,227.785767,105.157173,96.541130
344.806580,236.203629,103.618706,96.606834
351.877563,233.553925,94.805809,101.879761
351.269348,227.690918,99.707466,97.794678
339.460327,230.751678,101.436745,95.022781
320.331177,250.327866,94.782555,89.941254
294.846558,261.234924,107.655373,95.574982
302.409149,255.412079,90.530289,94.892136
307.227570,240.147507,100.526634,97.107574
311.372437,238.465973,111.924904,94.228157
328.144257,246.341431,107.236130,98.808891
338.417816,259.380005,114.669411,91.439613
365.515869,248.316071,90.746613,98.462875
336.556549,214.748047,110.132790,102.262466
305.008240,177.555923,107.842957,99.891457
282.889771,160.758652,106.175346,100.511314
288.502991,167.514175,90.961502,97.855431
287.341125,187.607788,91.643318,99.186081
274.783081,207.226395,94.286835,98.333107
250.617004,230.363403,98.448532,92.315018
221.880203,238.666916,111.930756,94.923866
214.273102,237.861343,106.622856,100.305458
214.160080,240.794846,111.675087,99.901649
223.218231,245.186554,117.723068,92.437447
250.931335,235.191101,94.462967,96.717545
256.655640,206.193726,97.271637,97.352371
241.455734,176.122971,103.250511,100.367790
233.167633,169.361404,99.686356,99.293266
228.547287,177.013947,95.515778,94.144981
212.478119,187.058990,98.435318,97.876167
195.051849,203.768372,101.002602,94.884354
184.145798,202.024796,103.970222,102.490852
188.396240,205.897858,94.949570,101.703354
183.268234,222.434143,92.514915,100.387955
178.299316,230.950378,114.298019,95.667664
196.078995,233.983826,123.453522,91.537407
230.493011,231.785583,117.082474,89.968697
266.457642,221.966324,106.569412,90.385902
284.552917,214.607910,120.247459,94.269913
310.578827,217.821747,104.698235,102.326523
312.569733,237.120438,91.188683,94.941193
275.548828,246.349167,120.002838,90.149208
236.953308,226.274246,107.020935,100.715240
205.546234,214.477158,112.934219,94.053627
182.850555,215.763458,107.528259,90.492737
180.009003,225.871399,98.086235,95.092957
199.513275,231.569260,121.167290,88.898827
235.281021,217.467346,93.474335,96.180046
246.474716,198.958405,94.446068,94.368057
250.290451,193.280731,122.309486,93.341042
277.570404,198.522522,124.781013,91.740189
313.994965,205.698395,114.860817,91.179634
328.831482,205.299866,103.130409,97.339806
317.008942,202.454102,118.630386,95.119568
291.669556,198.004028,117.146126,94.324333
258.208374,179.994705,106.793846,99.887360
241.799896,159.258270,87.640999,92.717590
244.620819,145.468521,112.031624,89.076790
274.792633,141.545624,110.110458,88.725510
300.031616,130.386246,91.755875,94.367760
302.117584,114.947250,95.454651,100.250488
308.292511,125.933990,89.926880,98.644470
307.961487,155.940704,90.266327,92.928604
314.893494,194.801453,89.385170,94.825958
310.750916,222.803177,89.750031,100.719574
306.708496,224.781555,94.940186,99.722786
306.783447,213.904877,92.359299,99.075935
296.763000,199.132202,96.130981,95.335938
292.400208,187.199707,93.847374,99.847366
293.040405,175.955185,94.982338,97.214439
292.174561,136.934296,91.628868,98.917664
295.441772,90.479103,89.865997,101.109055
299.595398,75.655846,109.494995,93.715073
327.456146,94.888367,98.261543,99.455620
338.951996,135.925720,91.777199,100.472565
321.242371,168.654602,91.646820,91.080009
305.123169,181.807526,93.670532,94.389465
293.995209,203.286270,88.082565,91.234406
282.341858,214.257858,92.493767,93.911354
270.839111,223.560776,96.963211,95.821869
269.342773,228.727478,92.900284,99.765800
266.161255,234.907547,109.963264,93.774010
279.683136,233.133835,94.081924,92.102142
291.716919,221.533447,89.387718,94.097717
297.096558,209.750259,90.402489,91.106422
306.686432,193.830643,94.967972,92.441002
308.918945,187.097778,104.253876,95.627113
316.082428,191.939285,108.606445,92.782936
335.106567,201.724884,93.619324,89.208229
337.584229,218.656647,85.844513,88.997429
320.011169,238.314957,89.485191,87.751183
295.148529,255.447266,94.996056,89.098267
266.532776,265.036743,111.664238,88.924469
260.168549,262.089233,101.455040,94.184967
258.602997,256.861145,100.771774,93.051193
247.256332,231.249344,92.975319,92.660736
247.476791,195.086639,85.139931,93.963409
256.497925,179.280777,109.721344,88.854889
272.802582,177.717941,110.373428,87.799538
288.651794,175.734467,109.209259,98.212524
309.258026,194.269943,96.962242,93.993713
324.275116,211.416000,98.583618,97.840294
345.000000,233.162567,95.386551,94.367668
350.948120,255.285858,89.308907,96.160019
336.837982,265.601044,106.675827,88.893501
315.928406,265.144501,120.464470,89.312073
283.906494,270.975159,121.406052,87.806160
241.250366,272.648987,125.188858,87.074234
217.267151,271.528839,105.196304,85.983238
219.978104,251.352997,86.275124,92.839287
229.059235,222.924561,86.209061,95.344467
227.826859,194.334137,86.707619,98.904846
231.868347,189.051910,107.554398,87.290543
258.310669,183.437241,118.194946,85.823723
285.194122,185.935089,120.495674,86.466011
304.800201,185.920670,110.547546,91.619728
319.954041,190.774353,92.166824,95.721718
326.973297,203.094589,91.127029,96.600494
331.679962,218.156555,84.540710,95.265999
311.304749,232.215729,103.114319,86.405327
267.492798,234.419357,123.664162,90.192726
227.135925,232.314209,124.768997,89.500870
185.116272,233.214142,126.520554,90.670410
178.289886,227.463928,100.490280,101.147469
183.907944,229.498627,123.323341,93.978027
218.270706,233.466309,127.092926,92.514816
249.053543,227.019424,100.801292,96.156227
251.572983,222.853882,101.366730,95.938553
275.395111,226.049637,122.968201,88.216087
336.109741,214.953278,121.774773,95.221565
368.958710,205.656418,96.081581,99.189751
332.375854,201.764572,123.050499,89.616554
286.485992,204.105560,116.699898,90.473045
222.766846,210.696396,120.588455,92.912071
157.414917,214.218140,115.808784,93.985786
164.399841,211.788696,93.544754,91.227188
193.150543,188.367767,93.506989,90.903229
217.888428,158.903549,92.360886,98.227592
217.277115,154.239029,97.681496,97.269287
222.050507,165.620087,93.821114,99.276535
237.033691,192.168701,89.466980,94.355598
242.172897,228.683044,88.850189,97.015976
239.092712,246.746735,85.809578,93.187790
238.821091,258.860870,98.728844,92.935158
246.450073,263.111298,99.471992,98.018227
234.222275,258.139221,103.396584,89.223137
217.651321,254.113480,97.985878,92.500282
224.893585,268.558868,99.716377,95.247643
247.051788,286.805542,107.665421,86.805473
273.553406,285.049255,94.913574,92.407959
277.557281,270.594604,90.081558,93.289246
277.027802,249.127945,87.961052,96.394684
284.591278,206.991837,89.613319,96.280487
271.178070,158.323380,99.660965,100.714760
246.915375,147.622162,110.098465,93.307129
240.555664,158.551422,89.493332,91.146690
233.532028,177.278748,92.000702,102.058670
233.507843,217.315033,88.277512,96.153625
228.272659,246.451767,89.767479,94.211884
225.458038,253.158478,111.478584,98.564957
246.062897,250.161179,90.122444,88.897362
250.609650,233.352875,89.498970,95.672226
244.923645,224.182098,96.613785,96.959099
252.374985,226.522430,108.393829,85.603752
281.763916,217.036285,92.306854,88.880135
282.384033,203.369110,95.746742,89.652664
272.590088,187.000946,90.327934,94.012672
277.568359,180.896469,98.599701,84.835594
291.126343,180.054321,101.534698,91.233353
299.471283,198.377533,88.326843,93.333214
286.758881,228.709259,87.873184,91.296867
277.808899,254.837677,87.030685,90.585159
277.303070,265.894226,109.761497,86.480507
293.288788,256.405853,91.360550,90.036057
275.483459,238.336578,98.238914,91.789131
267.814301,235.615799,97.987831,94.903595
268.327698,236.060913,104.023102,95.486343
274.848236,233.292328,95.632668,93.848442
266.687195,224.757767,98.928154,91.329140
255.907990,217.821991,104.012619,94.001877
257.404419,217.724838,90.586937,94.508888
247.736084,226.001678,100.650772,89.925186
233.773132,228.641678,108.569397,90.196373
237.608536,223.145691,97.170570,89.410141
254.786743,217.955109,120.564438,89.117371
285.273285,220.630554,99.339279,90.614616
277.157623,234.047073,97.339088,84.411644
252.487823,238.994797,105.230835,91.006813
250.470551,237.618668,100.142807,90.966644
268.366180,229.716858,87.596138,88.325127
270.528503,213.434540,90.419899,94.376450
268.111938,209.631012,95.300087,97.033386
271.726685,218.921112,102.151649,90.959427
276.111084,220.313843,107.419388,95.123238
272.104858,221.059692,109.883148,91.664055
271.558685,220.421677,97.932182,94.835716
268.409729,212.867065,99.047745,96.664070
274.361176,216.395218,95.873596,94.480560
279.253296,225.735626,88.380646,92.853645
271.438385,242.828781,89.443558,87.903725
264.347137,243.833694,96.003281,98.932404
276.162720,234.233322,93.520370,91.949791
287.085327,218.738037,92.300667,95.212715
278.332031,213.988831,105.032730,94.634659
278.944519,227.763336,88.802490,87.976265
264.724274,237.227325,97.465317,90.544357
273.156342,234.185623,86.773155,93.453102
274.377106,210.355957,87.925758,95.352165
268.636292,202.612427,105.542549,96.856094
277.840698,209.263565,92.166977,96.262733
278.245270,223.190063,89.915871,96.520798
264.097992,231.119827,105.725456,95.791466
260.927765,234.275177,100.453926,99.007393
268.640533,230.117477,92.830269,94.953270
265.791260,224.605347,102.003693,99.590683
259.370300,227.821777,99.990677,91.834671
257.768494,237.775101,85.332901,92.472992
252.032623,245.409775,90.061394,99.469688
252.939972,244.475296,90.618240,96.766197
256.328705,236.565369,88.805679,97.102226
250.766113,231.400665,96.287849,100.199036
255.459808,242.925446,84.849495,91.883118
253.661682,253.754456,89.853439,94.867195
251.459656,256.900421,98.814163,99.763145
250.748230,259.381592,96.682236,98.143044
252.116302,257.650940,93.007309,99.725327
249.316132,253.644272,97.818115,96.975624
237.629044,248.642044,104.154274,94.538414
243.646484,240.383286,89.455391,97.174156
248.627197,231.074173,86.141609,92.060204
242.207458,218.403091,95.461983,97.829071
240.206879,216.668411,96.957527,99.981232
238.765686,220.563751,105.376633,96.458000
250.316193,213.640030,91.248413,100.117348
254.580658,206.007263,89.511284,96.862839
252.132751,207.135742,99.183212,96.199921
260.899780,216.650299,86.310150,91.549622
260.929504,234.640305,88.415680,93.500389
256.776001,240.156006,95.059395,97.717537
255.081497,234.421967,95.513512,98.931870
257.827942,228.759323,94.068504,93.970543
261.559113,223.459900,102.468803,92.641724
268.150299,219.746002,90.813026,101.490837
260.679565,235.053741,101.262741,92.449715
249.241913,238.316742,105.252579,90.960457
249.930099,234.963013,96.077126,98.218758
257.944977,225.485550,88.301010,96.003632
247.612030,221.745285,107.569458,93.742332
245.819305,230.819092,89.129349,96.093315
238.262680,244.933823,92.280174,97.358437
232.388474,250.518417,108.205231,95.972572
246.724823,253.359711,108.230087,85.273331
275.742767,242.387146,89.858315,83.673515
277.103882,228.920349,102.444366,92.520584
263.104431,238.512360,95.899574,83.144455
247.376831,249.024796,90.916145,89.413719
256.260071,257.181396,116.273201,84.969292
286.244446,249.043472,92.089600,92.335297
277.339508,235.374191,101.981148,89.890038
245.532837,227.779984,118.175705,86.324989
237.662155,227.381287,100.992760,93.283615
235.045105,231.201126,97.565445,95.278351
240.889542,228.204773,96.656830,95.613297
236.358459,226.178467,103.463814,93.845268
231.779663,228.092804,102.577438,91.514885
232.369293,227.070862,100.881233,95.478767
245.159698,235.331726,93.285461,91.583206
245.152390,241.437393,90.718102,95.190948
250.872543,253.485016,118.162018,88.012131
299.674286,256.184021,112.443481,81.893890
313.046875,246.274353,106.542198,87.676010
279.565582,245.141373,114.700233,87.221153
242.066422,260.619141,95.839333,83.139832
221.754990,270.124634,91.512794,90.279877
216.943024,274.105530,110.679932,86.455315
249.701584,267.902802,97.668556,82.328537
252.991394,257.033173,105.289368,94.205566
239.998032,263.338043,109.181122,84.568810
220.949356,262.561523,112.796471,87.940323
215.658508,261.020142,100.231735,96.000458
220.564606,267.211029,111.357040,88.009781
236.072922,266.345032,108.501373,90.945511
250.865448,257.100250,88.785820,95.356247
244.583847,250.423828,98.663292,94.890549
231.233063,250.336990,107.993591,91.802467
239.721863,246.042084,92.345703,89.567680
250.498947,239.283447,90.549713,85.219421
251.506119,228.866974,93.489784,92.930099
248.730743,222.491882,92.168137,95.432198
253.217621,220.145264,84.920044,87.105484
246.541641,213.313828,104.010651,92.991913
260.749878,227.626953,84.510361,88.951859
252.697998,256.444885,85.945930,91.571846
239.949371,288.127289,83.695381,85.828346
237.922882,286.578430,85.899406,90.774933
244.518097,263.951752,89.976120,92.599236
251.679367,246.089798,87.735504,87.895103
262.708984,229.690216,87.179108,86.488091
268.838531,212.915802,86.978081,88.709549
259.149536,199.484344,92.997597,85.622665
255.549622,181.828857,85.742416,88.810379
257.819336,169.208908,85.253738,86.894691
252.245239,158.305923,103.955940,93.606377
264.286499,169.016022,96.191422,88.533279
275.316467,187.058151,87.419456,85.592163
279.933899,208.393860,87.837013,93.598274
282.486298,243.250763,91.711983,84.564896
287.310303,240.972275,85.008423,84.070282
282.007843,217.684586,89.141518,85.364525
278.804382,203.367142,88.812820,82.296440
284.999847,200.723785,110.491051,84.369278
311.837555,206.406342,98.143501,87.670212
321.860016,217.702148,88.142471,83.777885
303.069336,222.607620,103.781418,82.750946
293.595459,222.909973,97.497223,90.201355
298.585236,228.448288,89.197708,87.372963
306.466949,251.774933,83.246384,81.848625
313.136200,275.357758,89.728745,82.764999
316.521973,277.791718,94.649475,92.203262
309.746399,272.173706,91.360382,84.374405
301.746643,256.063080,83.124931,80.886307
300.426056,235.974609,82.623436,81.468140
296.015564,209.822739,84.723183,83.931335
289.820709,199.263535,91.692375,94.213356
295.275269,213.030197,82.016357,81.920349
295.489685,221.534943,98.829918,86.274643
310.554474,229.876846,96.202438,87.022064
313.697083,231.470810,89.387558,91.356651
306.950378,239.285263,89.906525,88.031273
300.005890,246.819275,92.148315,90.106819
297.106964,247.876816,91.011215,93.315941
300.644531,240.390671,83.231850,90.700409
301.748566,226.425018,80.347885,87.205437
300.513580,210.072739,83.472733,89.693901
304.107269,202.226501,84.179268,91.393120
300.884796,197.238037,88.653244,91.553925
297.034729,195.324112,101.229752,95.615723
307.806366,202.659546,99.038940,90.335159
330.469971,220.147736,88.808685,85.139534
338.525787,239.799957,81.206947,86.216202
308.447662,257.036163,100.831955,78.962517
273.784119,254.550583,111.398117,84.874901
258.190735,252.615799,105.726837,85.192772
249.215530,242.888062,91.942108,85.535385
236.665543,219.488098,83.823456,85.556885
239.320389,190.135300,80.903114,88.429756
243.832092,181.125427,103.413712,83.589859
274.141052,179.916107,88.346771,84.188698
286.788452,198.069611,81.001709,82.953812
287.727051,205.512192,82.410133,89.628151
283.018036,210.207306,96.492729,87.727264
291.000946,214.521484,94.208679,85.874329
295.904510,213.503235,88.183212,87.089828
298.334106,219.478745,84.550690,87.557404
296.632996,220.200897,88.820221,84.072769
