1
507.591614,191.407135,55.478889,35.377491
502.377930,191.868698,54.241333,34.580040
490.200012,192.199997,55.599998,32.000000
475.200012,194.600006,56.000000,32.200001
468.200012,193.600006,56.599998,32.599998
456.799988,191.399994,55.799999,32.000000
440.200012,187.000000,55.200001,31.600000
432.399994,185.199997,55.400002,31.799999
423.799988,180.199997,54.799999,31.200001
408.200012,177.800003,54.200001,31.000000
403.200012,173.600006,54.200001,31.200001
388.799988,187.399994,54.599998,31.600000
366.799988,196.199997,54.400002,31.600000
357.600006,193.199997,55.000000,31.799999
354.000000,184.800003,54.599998,31.799999
339.600006,181.399994,55.200001,32.000000
337.799988,178.800003,55.000000,32.200001
333.399994,171.199997,53.599998,31.600000
323.799988,165.000000,52.799999,31.200001
312.799988,161.199997,52.799999,31.000000
299.399994,161.399994,52.599998,31.000000
276.200012,155.399994,52.599998,30.799999
284.000000,155.000000,53.000000,31.000000
289.000000,154.399994,52.799999,31.000000
278.799988,155.600006,53.599998,31.600000
270.399994,157.000000,53.000000,31.200001
258.600006,151.399994,53.599998,31.799999
261.000000,145.199997,53.000000,31.600000
261.000000,143.199997,52.400002,31.200001
245.600006,145.199997,51.200001,30.799999
257.000000,159.199997,51.000000,30.200001
2
0
0
0
0
1
163.365265,151.276855,34.175911,42.379154
165.800003,162.600006,35.000000,39.000000
163.488068,165.532776,37.858944,42.312626
163.515884,167.318649,39.895947,46.313030
164.000000,177.199997,35.799999,40.400002
160.476730,176.583466,42.498169,47.252735
169.888916,178.000870,40.153351,45.093506
177.417999,180.148727,39.122684,44.957104
2
0
0
0
0
1
154.802841,171.088608,36.384884,37.536388
154.800003,171.800003,37.000000,35.000000
159.502182,171.443390,37.003014,43.415417
163.365662,171.678665,35.639160,42.095428
164.646164,174.139252,35.367004,40.905945
166.723236,174.724701,35.820511,35.893356
168.576035,174.103409,36.611397,35.701580
159.399994,160.800003,38.000000,36.000000
166.025223,167.145676,35.662708,38.082371
177.356110,177.380432,32.875813,35.908894
187.368210,193.030182,34.246571,35.862370
189.717361,198.798126,34.735722,35.241398
195.037476,202.766052,34.118958,34.875164
195.030594,204.315979,37.673164,35.836239
199.439804,205.888458,34.791103,34.672585
200.415985,209.673721,36.579399,34.231445
202.071548,209.328751,35.940548,34.292351
210.175354,213.784073,34.272789,32.589077
217.399994,215.399994,37.000000,36.000000
223.199997,208.800003,37.799999,36.799999
236.399994,204.199997,37.599998,36.599998
2
0
0
0
0
1
217.170624,205.646301,40.822269,35.251785
217.671249,208.993423,40.120625,33.783867
220.230576,213.743820,41.167091,31.817127
228.600006,215.399994,39.200001,36.200001
227.349304,221.096893,42.926941,31.822693
237.399994,220.800003,39.799999,36.799999
238.269302,221.656784,45.051189,33.248692
237.749557,220.714645,45.432636,32.903416
232.199997,215.399994,40.400002,37.400002
231.199997,214.800003,39.599998,36.799999
232.199997,217.399994,39.200001,36.599998
238.199997,219.199997,39.599998,36.799999
241.800003,224.199997,39.400002,36.400002
242.600006,226.000000,39.799999,36.799999
241.399994,226.000000,39.799999,36.599998
247.600006,227.600006,39.400002,36.400002
250.600006,230.399994,39.400002,36.400002
255.834702,229.986008,44.831261,39.361626
259.636749,235.463531,42.716015,36.750488
256.702881,240.328094,44.645901,35.225471
256.948486,243.146561,42.379948,34.890842
254.452728,247.600464,43.978569,34.282787
253.685196,250.999237,44.439350,37.565563
253.937286,250.862625,45.187733,38.307163
258.000000,256.799988,39.599998,36.599998
256.399994,264.000000,38.400002,35.400002
255.274689,262.082977,42.534790,35.950726
256.919312,269.999878,38.276283,32.397430
261.896271,273.240234,33.476082,31.066328
261.967590,273.489563,36.657700,31.359873
266.311249,273.809753,40.692524,32.796741
269.110077,277.030365,41.551304,33.869141
269.888123,278.507904,40.493187,34.569260
277.200012,284.799988,38.599998,36.000000
281.861877,290.626160,39.461628,35.226799
280.915802,291.022125,38.279770,34.926491
283.070557,295.496887,38.618172,33.364185
276.544250,292.719086,41.194546,35.497211
273.913513,290.309204,42.506622,37.203304
272.634460,289.988098,45.656013,35.995800
254.882812,286.195557,44.509651,38.147583
250.206161,311.609863,36.983978,28.743073
261.846222,294.139893,43.850906,37.637970
255.799286,290.475220,41.853039,37.544083
252.936844,289.033447,43.647358,38.205231
252.468079,290.906128,40.124321,37.408833
253.442505,293.274567,35.505997,39.123653
254.294540,296.633118,33.832920,35.936798
253.000000,302.200012,37.200001,35.200001
250.638153,307.194519,34.065247,32.799473
251.399994,306.799988,36.200001,34.200001
246.389328,314.510651,33.275593,32.272942
245.809143,314.353302,33.136730,33.017799
242.922791,317.618896,35.608231,31.998060
253.113892,339.418091,36.487808,32.559765
247.810913,338.986176,40.520519,32.131958
246.025848,340.627716,40.447395,32.308834
247.638718,342.060730,40.239220,30.874937
239.320694,330.183319,39.461773,33.023335
239.304794,333.834320,38.485390,34.024094
237.770599,339.604950,35.769093,34.515591
237.572693,345.989655,34.366001,32.921349
237.600006,346.000000,35.200001,33.200001
250.800003,347.799988,35.000000,32.799999
247.600006,360.399994,34.599998,32.200001
234.800003,361.600006,35.200001,33.000000
236.399994,355.799988,35.000000,32.799999
233.000000,354.399994,34.799999,32.799999
229.399994,357.000000,34.400002,32.400002
231.800003,364.000000,34.599998,32.400002
233.000000,351.600006,34.799999,32.400002
233.000000,347.799988,36.000000,33.200001
234.399994,347.200012,35.599998,32.799999
221.793701,343.644714,40.488880,38.066616
225.399994,345.600006,36.799999,33.799999
226.867432,346.843689,40.097687,36.047672
224.397568,345.821899,43.455570,36.693733
229.000000,348.000000,37.000000,33.599998
224.800003,342.600006,37.200001,33.599998
