1
506.467010,190.646027,58.037300,36.406483
502.564270,189.935638,54.837307,38.184311
488.200012,193.399994,57.000000,32.799999
477.002014,192.846741,57.997231,35.561905
470.058929,191.637680,57.680367,39.301933
457.200012,190.399994,57.599998,33.200001
436.010132,187.200623,57.699249,39.386467
434.452881,184.710327,55.412430,37.631786
418.136810,180.229126,56.621265,41.329727
407.002594,180.861115,58.482872,41.457115
388.908081,180.665222,61.481781,40.362812
391.338928,184.426086,56.693085,39.409340
373.521790,180.801666,64.039696,39.853989
364.886780,180.143967,58.270420,38.420868
354.847382,179.504684,58.903671,37.581123
339.562408,173.250824,58.659603,43.007088
336.624359,172.888245,57.172195,41.497814
328.526062,164.020752,53.876106,42.567101
314.265381,159.820343,63.153351,39.983368
308.675659,159.063522,58.122395,36.261330
297.700928,153.396332,51.074368,41.718307
275.633270,150.639664,50.884705,38.616634
270.799988,150.600006,53.400002,31.200001
278.399994,154.399994,53.400002,31.200001
262.215179,153.306534,53.808510,36.846821
257.873413,151.978012,51.626472,36.134983
250.800003,153.600006,51.200001,30.200001
241.800003,153.000000,50.400002,29.799999
235.600006,156.399994,49.400002,29.200001
232.387375,147.089767,48.578152,32.296085
233.600006,168.000000,48.599998,28.799999
228.800003,171.600006,48.599998,28.799999
210.600006,179.199997,48.400002,28.600000
206.800003,167.199997,48.200001,28.400000
207.176285,160.388443,54.928596,39.722858
206.087982,169.982361,51.994026,37.859524
2
0
0
0
0
1
128.260956,180.548264,48.241024,37.460266
132.609192,182.816696,45.508633,36.224133
137.144226,186.213470,46.528473,34.981098
139.831680,191.568512,48.200680,37.163219
140.763855,192.094452,51.978119,40.507080
145.863037,194.193878,50.510017,40.118759
149.552628,198.675949,51.153553,41.725697
152.106613,200.811066,49.774662,40.756950
153.286011,206.373932,49.456779,39.475967
2
0
0
0
0
1
167.289734,177.447739,35.185532,30.958630
168.722290,176.017685,36.020248,32.950062
168.199997,172.800003,35.599998,33.599998
176.929901,178.998108,35.158756,33.412411
177.399994,181.000000,35.400002,33.400002
180.199997,180.800003,35.799999,33.799999
186.600006,189.600006,36.799999,34.799999
188.469360,207.381622,42.986637,34.580105
2
0
0
0
0
1
199.967194,188.981979,35.871254,40.747894
203.575302,190.873215,35.121441,40.158775
205.593445,193.324707,35.625359,38.568069
208.734436,195.918320,36.994987,37.065296
211.630951,199.559998,39.397457,36.925930
213.395844,200.744553,39.176762,38.418812
215.187698,202.993332,42.797558,38.362995
219.800003,202.399994,37.799999,41.400002
220.600006,204.600006,37.599998,41.000000
222.000000,211.399994,37.200001,40.200001
232.000000,211.399994,37.000000,39.799999
238.399994,214.399994,37.000000,39.400002
241.399994,216.399994,37.200001,39.599998
239.199997,221.600006,36.799999,39.200001
230.800003,231.399994,37.200001,39.200001
232.199997,212.199997,37.000000,39.000000
231.121399,220.062607,39.450878,33.389751
233.609375,219.634949,38.313175,33.984890
237.600006,222.199997,37.000000,39.000000
239.498093,227.811127,42.263577,37.498791
241.593094,228.671005,38.958031,35.594128
243.199997,229.199997,37.200001,39.200001
245.591217,230.468353,38.362167,37.646660
247.939453,230.146759,41.169376,38.787914
254.378433,231.594940,43.384926,42.184475
258.975525,235.541672,45.066624,39.749840
257.689178,239.762894,45.049648,40.608929
256.845886,244.496857,44.862000,37.367870
255.600006,241.600006,39.000000,41.000000
255.800003,249.600006,39.000000,41.000000
256.799988,250.399994,38.200001,40.000000
253.600006,252.600006,39.000000,40.799999
254.000000,259.200012,38.200001,40.000000
253.061020,261.172577,40.480732,39.641872
258.200012,262.799988,38.000000,39.799999
260.111969,269.993591,36.370110,34.293041
260.945160,269.227783,37.951378,36.368568
262.885895,269.706879,37.299587,37.921291
264.440399,272.239288,40.236832,38.851028
262.828674,272.839478,38.388153,38.805996
265.228149,279.132080,37.982838,37.711155
278.827423,285.745453,39.688686,40.687538
281.149048,288.801056,38.864994,40.186230
265.196747,280.977783,40.352959,40.536518
269.412842,289.598480,39.845264,38.337879
272.320007,287.875885,41.926674,40.942932
272.437714,289.797974,45.770794,39.997330
255.314926,286.347534,48.011517,40.086632
255.608337,286.295288,50.040459,43.082611
256.596497,289.541412,44.459087,39.357052
258.014954,294.169067,44.007835,39.031353
254.098877,294.860931,44.923714,39.521553
240.108597,320.885773,43.706879,37.674068
250.339005,290.812286,41.256256,43.841709
238.665222,311.427582,34.997871,40.161465
241.199997,312.000000,39.799999,41.799999
243.302261,326.928070,35.910984,36.762409
244.145676,329.063690,34.686985,36.728191
245.399994,306.000000,41.000000,42.799999
243.743332,312.973022,35.763325,36.627190
242.092758,315.896149,36.528057,36.242588
247.347595,333.664398,44.316711,39.545597
238.489944,319.361023,38.090786,33.900833
238.664688,321.453064,37.515720,34.241066
235.639267,324.543610,41.417877,36.286270
236.625732,329.717255,38.153519,38.666931
236.731140,334.751099,36.800755,36.869049
235.855133,342.016388,39.350605,37.481266
235.800003,341.200012,39.799999,40.799999
235.800003,340.399994,40.000000,41.000000
242.000000,340.799988,39.400002,40.400002
234.000000,340.799988,39.799999,40.599998
232.600006,352.600006,40.200001,41.000000
232.399994,350.600006,39.799999,40.799999
224.600006,354.799988,40.200001,41.200001
219.800003,366.000000,40.000000,41.000000
223.600006,351.399994,40.200001,41.200001
229.600006,346.600006,40.000000,41.000000
232.600006,341.600006,41.200001,42.200001
232.399994,340.000000,41.400002,42.400002
218.452072,348.707520,43.625511,43.016640
221.374969,343.099091,44.854942,44.224331
222.380402,344.022339,45.967728,43.834450
223.800003,341.600006,42.200001,43.599998
221.309921,339.189117,45.777927,44.121353
220.485062,341.439148,45.559383,43.654076
