1
507.920013,190.543579,56.660347,36.405087
502.377533,190.288422,55.488358,36.885498
490.988556,190.974686,54.002483,37.078983
476.058105,192.827118,58.651550,36.733109
470.000000,194.600006,55.799999,32.400002
457.426575,189.421600,53.988060,40.751007
438.707794,186.902893,56.666306,37.442123
435.937073,185.551117,53.375069,36.861889
420.240051,181.703369,54.580700,36.872227
408.129791,182.086029,54.758232,38.955009
399.399994,175.199997,54.799999,31.600000
393.680145,185.680984,53.759926,39.557037
377.977264,181.982452,60.575207,38.420372
369.658417,181.863617,59.106792,39.828152
354.486450,180.318909,58.189350,37.584774
343.789795,174.442047,57.175503,41.637447
338.814941,172.551941,57.246208,40.778172
328.920288,164.998703,53.190708,39.676800
316.770355,162.597702,55.213383,35.883450
310.673889,161.144653,54.928497,37.141308
294.485504,153.446411,51.754169,39.025742
277.117371,152.093140,49.339699,37.872017
289.799988,152.399994,52.599998,30.400000
279.799988,153.600006,52.599998,30.200001
260.399994,155.399994,53.000000,30.400000
259.000000,156.199997,53.200001,30.400000
252.093704,149.567520,51.752098,32.837456
264.037354,136.541870,50.474735,36.609459
264.985413,134.830383,51.356541,37.732376
261.302551,137.777954,52.249096,39.334335
2
0
0
0
0
1
154.000000,159.000000,47.000000,37.000000
159.800003,147.000000,47.000000,37.200001
170.800003,161.399994,46.200001,36.599998
172.800003,162.199997,45.599998,36.200001
168.600006,161.800003,45.200001,36.000000
151.600006,159.000000,45.400002,36.200001
155.199997,160.399994,45.000000,36.000000
152.399994,160.399994,45.000000,36.000000
172.199997,157.600006,44.000000,35.000000
178.600006,163.600006,43.599998,34.599998
2
0
0
0
0
1
155.560944,174.591843,38.950722,36.420624
159.893646,175.138412,37.068405,39.510777
162.614166,176.875946,37.736290,40.307095
164.036652,179.757767,35.258747,36.202160
163.800003,178.800003,40.000000,35.000000
166.199997,175.399994,40.200001,35.200001
164.800003,172.600006,39.799999,35.000000
173.399994,182.399994,39.799999,35.200001
180.600006,187.800003,39.200001,34.799999
184.399994,195.600006,39.599998,35.200001
192.370132,202.395157,36.715614,32.161869
195.399994,205.600006,38.200001,34.200001
194.219620,209.845276,40.659851,30.591047
199.643906,212.350739,38.376007,29.124666
201.924438,213.774429,36.403263,28.702831
202.600006,210.600006,37.799999,33.400002
207.800003,214.800003,37.599998,33.200001
213.800003,219.000000,37.000000,32.599998
225.199997,208.600006,37.599998,33.200001
2
0
0
0
0
1
215.927124,201.273499,42.148270,38.095005
217.526535,204.545517,41.883415,36.186943
218.920868,205.645233,41.356438,36.624744
223.000000,210.399994,40.000000,39.000000
230.000000,212.399994,40.400002,39.200001
237.000000,214.399994,39.400002,38.200001
239.800003,219.199997,39.000000,37.599998
242.800003,220.000000,39.400002,37.799999
244.600006,220.000000,40.200001,38.599998
233.199997,211.600006,40.200001,38.400002
233.399994,214.800003,39.200001,37.599998
237.399994,217.000000,39.200001,37.599998
238.600006,220.399994,38.599998,37.000000
241.199997,226.000000,39.200001,37.599998
243.800003,224.800003,39.400002,37.400002
245.399994,227.600006,39.799999,37.799999
248.399994,226.000000,39.200001,37.200001
250.600006,228.000000,39.400002,37.400002
259.000000,231.800003,39.799999,37.799999
259.638367,234.616592,46.237900,38.706066
258.302002,239.566635,46.226715,38.328762
257.129303,241.820038,44.630684,37.163319
258.000000,243.800003,40.200001,38.200001
253.289581,252.113205,48.384407,37.760151
251.311707,250.702530,51.003422,40.407860
258.399994,256.000000,39.799999,37.799999
256.600006,261.200012,39.400002,37.400002
254.474548,260.559692,46.008595,38.683975
262.399994,266.200012,38.200001,36.599998
261.415955,272.824188,37.601318,32.744934
261.986511,273.301422,38.904686,32.454861
266.639984,271.669800,41.933571,35.493099
265.137299,271.871246,42.534874,40.370113
268.495605,277.192139,38.683853,37.449024
270.192322,279.745850,40.126614,38.758881
261.747162,274.770935,40.353050,38.753304
282.765015,289.343018,43.404537,39.170033
263.441803,278.181824,39.816502,37.919613
275.834503,291.172302,41.209934,37.710049
273.465210,286.316284,42.174164,40.824162
271.248627,287.060974,47.095081,41.190002
272.191254,291.981323,43.508202,37.322540
272.535736,293.651428,42.762280,38.634136
257.952759,288.206543,47.044174,41.352440
257.554962,292.429077,45.216488,39.475777
253.490387,291.562286,47.374325,38.632648
251.321442,292.364136,44.711838,36.848240
252.609802,295.941650,37.416245,37.087990
253.041153,295.066101,37.588951,37.253502
250.939636,301.986786,37.283634,36.464684
246.685028,324.277039,33.275204,38.895016
247.534744,330.191895,33.428692,36.484295
247.199997,311.200012,38.000000,37.200001
242.976639,313.703278,39.608318,33.840599
241.605942,316.049561,39.760891,33.831219
252.021866,335.054688,40.884190,37.457649
239.866547,318.559387,40.892509,33.624554
238.935211,320.363708,38.948193,31.315882
238.284332,324.687958,41.530769,33.680176
239.580185,329.687958,41.700214,34.618553
238.570633,331.104462,42.161465,36.250355
238.717133,337.583649,41.354263,37.565632
238.444809,341.760712,38.686119,36.325439
238.331741,342.929779,38.527241,35.700562
257.799988,343.399994,37.400002,36.400002
271.799988,347.399994,37.799999,36.799999
2
0
0
0
0
1
228.209930,345.604126,59.580196,46.101830
230.399994,346.399994,56.200001,43.000000
220.724579,343.446259,61.464752,48.972034
225.395660,343.596039,64.728447,50.318699
227.559036,342.719574,66.837555,48.719135
231.445435,341.280182,68.334610,50.484707
239.399994,335.600006,59.799999,46.200001
224.800003,343.600006,59.599998,46.200001
