1
507.479889,189.884766,57.137871,37.218124
501.643707,188.531342,57.943691,38.904675
491.219818,189.901001,54.676712,38.675919
477.681610,192.725037,57.242966,35.707928
470.620941,192.092697,54.977940,38.289711
453.399994,190.399994,58.200001,33.599998
436.026459,186.967209,54.589462,37.886375
435.125458,183.532135,54.320129,38.620426
420.600189,181.582397,54.530113,38.886791
404.913910,179.666595,57.803207,40.499928
399.799988,178.600006,54.799999,31.400000
390.585876,183.105438,54.016994,38.818661
375.379700,181.206238,60.891891,39.170708
365.641266,177.807449,56.530312,39.136730
350.928925,177.198578,59.134636,37.017380
345.359680,174.627106,56.196072,40.047806
336.506561,172.795731,55.637810,39.916039
327.473083,165.040863,54.042271,40.515091
317.283630,161.699173,59.499397,37.448975
310.825531,160.176758,55.624939,36.625797
297.000000,160.600006,55.599998,31.400000
276.158447,154.046249,47.874580,37.445061
274.799988,156.199997,55.799999,31.600000
279.399994,154.399994,56.200001,31.600000
262.219727,150.695831,57.856152,37.688110
254.084732,151.590240,54.447956,36.810764
253.600006,152.000000,55.400002,31.200001
234.000000,155.000000,54.799999,31.000000
235.000000,156.000000,54.599998,30.600000
229.383728,148.437958,47.800316,30.391233
249.199997,154.600006,54.200001,30.600000
2
0
0
0
0
1
163.259384,149.865845,34.157249,43.765518
163.800003,161.000000,34.200001,38.799999
166.800003,166.800003,34.400002,39.000000
165.600006,173.000000,34.400002,39.000000
163.000000,178.399994,34.200001,38.599998
162.399994,181.600006,34.599998,38.799999
167.399994,184.399994,34.400002,38.400002
172.800003,187.600006,34.200001,38.200001
179.000000,191.199997,34.400002,38.599998
2
0
0
0
0
1
155.671021,175.142517,38.921474,35.997787
159.929062,175.518005,38.231667,39.411026
163.447708,177.196899,36.268166,38.481659
163.199997,181.399994,38.599998,33.599998
165.931229,179.413971,34.920410,33.282890
175.000000,187.199997,39.000000,33.799999
179.000000,190.800003,38.799999,33.400002
179.199997,190.800003,39.799999,34.000000
180.228943,190.031006,40.144310,36.003674
187.359192,196.638702,36.987003,32.931515
191.405487,202.486771,36.874908,32.566933
196.398514,206.659973,36.357845,29.733284
194.827972,208.715652,39.773121,31.549246
198.320740,211.822540,39.417831,31.357790
200.000000,209.800003,41.000000,35.000000
203.597321,213.457260,36.530289,28.817162
206.199997,214.000000,40.000000,34.000000
212.600006,217.800003,39.400002,33.400002
207.600006,218.000000,39.799999,33.799999
190.199997,218.199997,40.599998,34.599998
196.399994,216.399994,40.200001,34.200001
204.800003,207.000000,39.599998,33.599998
210.600006,210.399994,39.400002,33.599998
215.199997,214.399994,39.799999,33.799999
216.399994,215.199997,39.200001,33.400002
221.445908,216.185852,37.114197,34.577042
222.399994,218.000000,39.200001,33.200001
221.949829,218.384445,38.047146,34.880157
226.199997,222.199997,39.000000,33.000000
234.337250,226.529755,38.659199,33.299587
235.033646,229.212173,40.911980,34.269459
238.505203,233.576736,40.380711,32.966827
241.125290,232.644287,43.108906,33.292709
244.122498,234.197281,41.317070,33.027798
249.659164,235.073730,39.969025,34.143417
253.709015,238.242355,39.597710,36.273838
256.739410,243.252563,41.063736,37.115585
263.615173,244.854767,40.058014,39.490837
270.399994,249.800003,39.599998,33.799999
284.799988,249.000000,39.200001,33.400002
281.799988,243.399994,39.000000,33.599998
289.200012,245.000000,38.400002,33.200001
287.399994,251.199997,38.400002,33.200001
2
0
0
0
0
1
258.170746,247.704636,62.336105,40.335720
260.013214,250.045715,58.429844,41.406071
261.600006,257.000000,61.200001,38.200001
261.035980,256.777924,61.400986,41.679958
266.407227,260.751038,59.793869,39.940689
274.000000,263.799988,61.000000,38.000000
271.557739,265.243042,57.370586,39.929073
271.618408,267.991486,59.813259,41.008160
276.416260,270.548279,60.095634,43.238129
280.984283,273.182526,58.573792,44.081730
291.799988,276.399994,59.000000,36.599998
288.052856,284.595032,55.296173,43.461052
291.835815,285.932281,52.734646,43.563892
298.025452,291.029114,49.566132,41.500130
278.799988,292.000000,59.799999,37.200001
265.600006,293.200012,58.799999,36.400002
240.560745,296.955505,53.008270,35.631630
238.368500,303.410370,56.392509,36.220005
264.538025,284.796844,58.892300,46.246910
264.803589,287.683014,55.658241,43.338299
260.020905,287.274078,59.235977,42.930824
259.743225,287.309570,55.869621,43.362682
259.014404,286.045074,55.811005,43.033817
259.140411,277.216187,58.605858,42.177475
259.748505,278.222565,57.966923,40.371140
253.600006,295.600006,58.599998,37.200001
260.015289,292.169739,51.709923,42.181202
261.015717,291.289093,54.432213,42.668789
254.545883,300.648621,50.174294,38.769485
253.379059,304.490692,55.655704,37.159065
252.388351,305.349182,57.496235,37.286842
254.588028,306.532715,57.810757,37.199059
249.698700,312.736969,60.170597,35.997887
250.319595,338.362579,60.515224,36.847229
257.452942,342.970612,59.334549,36.527397
241.876831,326.596161,52.914555,37.251488
242.828140,329.386505,55.116802,37.742535
242.124985,337.332550,53.952187,36.507446
244.537140,340.766510,49.865841,34.801552
236.800003,342.600006,55.400002,36.400002
250.399994,322.000000,54.599998,36.000000
263.200012,322.399994,54.799999,36.000000
255.600006,347.600006,55.000000,36.000000
283.200012,354.000000,54.599998,35.799999
2
0
0
0
0
1
226.252228,342.363708,52.059372,45.600040
227.110657,341.684296,50.961472,46.949707
224.658997,341.631622,51.940220,46.840977
225.909195,338.639069,56.481621,46.674179
227.307297,339.223328,55.825123,47.381042
229.000000,340.600006,54.400002,47.400002
