1
507.902740,192.031097,54.803650,34.519485
502.566345,190.935730,53.973778,36.358276
488.799988,192.000000,55.200001,31.600000
478.652649,193.792618,55.386246,34.701561
472.036652,192.892807,55.447926,36.135307
456.600006,192.000000,55.200001,32.000000
440.542023,186.947113,53.226212,35.183578
434.665131,185.309143,51.946934,37.217331
423.638672,181.709305,54.184872,39.708523
410.191742,182.922211,53.425674,40.499195
396.600006,180.199997,52.599998,30.600000
390.429199,185.032547,53.540253,40.169403
375.383240,183.754730,57.264252,37.959061
368.740051,179.843475,57.003536,38.711857
354.064545,180.025131,55.664417,37.598469
346.969269,175.141998,52.828838,42.005951
339.621704,172.861664,54.310703,41.885231
334.603485,168.098129,48.960823,37.510448
319.541504,163.687134,57.955006,34.301022
311.093628,160.613632,51.876839,34.804413
293.596802,153.551819,47.624813,37.794708
276.630463,152.514145,45.897606,38.206532
286.200012,152.800003,48.200001,28.600000
278.799988,156.600006,47.400002,28.200001
264.737274,152.026688,51.233414,37.209949
261.557190,152.540207,46.614708,35.082314
254.399994,152.800003,47.000000,28.000000
263.546356,136.798050,47.658520,35.368954
263.284027,136.608093,47.252247,36.886948
239.916321,141.426819,48.588913,37.112534
2
0
0
0
0
1
152.800003,159.600006,47.000000,37.000000
171.199997,156.399994,46.799999,37.000000
170.800003,160.800003,45.599998,36.400002
171.800003,164.800003,46.000000,36.799999
170.199997,154.199997,46.200001,37.200001
150.399994,158.800003,45.799999,37.000000
142.800003,143.800003,45.000000,36.400002
2
0
0
0
0
1
148.237213,166.871307,35.956379,37.673805
153.000000,165.199997,35.599998,38.799999
157.483124,162.995850,30.470852,37.616055
157.199997,162.800003,34.400002,37.599998
160.600006,165.199997,34.200001,37.200001
166.625000,165.603210,30.283913,37.898026
168.425491,164.399185,29.442633,38.683022
169.101105,164.245163,31.564749,38.487553
168.399994,165.000000,34.200001,36.799999
170.600006,164.199997,34.200001,36.799999
177.600006,165.800003,34.200001,36.799999
180.000000,168.000000,34.000000,37.000000
181.800003,171.000000,33.599998,36.599998
193.000000,189.800003,34.400002,37.400002
197.233078,195.404251,31.791462,36.920452
198.691208,196.566833,33.753792,37.800613
203.351074,199.066238,32.714012,36.167507
206.300430,201.495438,32.451347,36.743164
207.096283,202.160370,30.397667,36.780796
211.968109,203.882706,28.740330,37.102043
210.600006,206.600006,35.799999,38.799999
218.799393,210.789719,30.878990,38.405403
217.199997,210.399994,36.200001,39.200001
221.199997,213.600006,35.799999,38.799999
227.640045,215.775085,29.002172,37.125942
231.023697,214.121964,29.114491,36.084831
235.947693,219.450546,30.257486,34.405483
237.901276,219.944595,30.361021,35.218296
226.994644,202.155914,26.636654,37.819160
227.935318,202.794373,27.675318,37.677139
228.403625,206.241699,26.801006,35.527763
232.650391,208.800095,27.598373,37.061089
241.309845,213.064224,29.010326,37.281994
244.275833,214.976501,29.754734,38.795418
243.701691,219.510422,33.391220,35.908077
245.585953,220.198532,34.681118,36.364819
248.483292,221.082230,34.311256,34.803009
252.071838,223.653397,32.457405,35.700153
253.800003,228.600006,34.200001,37.200001
261.953003,230.946167,34.053638,39.110794
267.219421,234.083023,32.155441,39.367374
291.214874,243.412582,29.671022,37.884254
281.152313,226.846664,27.781195,34.944153
286.202881,228.959244,27.519960,34.469673
292.637939,232.271759,28.028112,34.026424
2
0
0
0
0
1
255.608261,248.851501,60.960236,36.244442
256.752533,249.298462,60.775707,38.311207
257.267212,251.937500,57.219841,38.486160
258.200012,257.399994,58.000000,37.000000
259.692413,260.084534,55.960373,36.380157
266.109863,261.656250,57.512886,36.194077
279.799988,265.600006,56.599998,36.200001
268.191284,266.713287,53.307419,37.640129
269.854675,270.259888,55.857578,37.212135
271.009949,271.931122,59.311028,41.013134
275.000000,280.000000,55.599998,35.799999
281.600006,285.799988,55.799999,36.000000
287.600006,288.600006,56.200001,36.200001
289.124237,290.009613,49.019993,38.422417
289.000000,293.399994,56.000000,36.200001
280.399994,293.600006,55.200001,35.599998
266.600006,291.799988,55.599998,36.000000
243.627518,297.535889,51.890339,34.738312
261.089325,287.290802,58.794537,37.946175
262.446259,289.547791,58.401150,37.842304
262.802368,290.631927,54.656349,38.002686
258.600708,291.364655,56.369846,38.298134
258.498535,291.385193,52.714813,38.181087
258.036865,288.282562,51.693321,39.951416
256.932129,280.231506,52.384426,37.247078
259.240417,281.859467,50.950409,34.257805
256.000000,292.799988,56.000000,37.000000
260.258759,292.731079,50.316223,38.636627
258.913666,294.614624,51.572414,37.698540
258.393219,299.198914,50.939171,36.720570
250.439560,305.724091,48.647987,34.394821
253.692581,304.337616,52.174225,36.162796
250.609329,309.008575,51.248146,34.533249
252.122040,310.893707,54.997200,34.833675
250.205139,338.373413,56.682266,35.306580
251.372467,343.164307,57.180981,33.064728
241.813751,328.549316,51.679214,34.127228
240.145996,333.235931,51.688286,33.062054
240.909958,338.131378,50.445763,32.980694
243.826492,342.810516,46.392483,31.164785
240.636551,345.008636,46.716698,32.757408
236.600006,347.200012,52.400002,34.000000
237.800003,351.399994,53.000000,34.400002
236.800003,355.000000,52.200001,34.000000
233.000000,354.200012,51.200001,33.200001
232.399994,354.200012,51.400002,33.200001
234.199997,355.200012,51.200001,33.000000
230.800003,352.600006,51.799999,33.200001
234.600006,349.200012,51.400002,33.000000
237.199997,348.200012,51.599998,33.000000
235.399994,346.600006,52.400002,33.599998
226.800003,346.600006,51.200001,33.000000
227.399994,346.600006,50.599998,32.799999
229.600006,347.200012,51.000000,33.000000
230.600006,347.200012,51.000000,33.200001
228.199997,347.200012,52.200001,33.799999
230.199997,344.000000,52.000000,33.400002
