1
182.794113,20.942198,52.560757,38.574345
182.041611,22.547720,54.406258,38.297253
182.812225,22.940403,52.554966,39.727448
181.972397,24.947077,52.454109,40.293926
182.337585,26.702246,51.665985,39.531811
181.540421,28.038862,53.030891,39.557766
179.796249,30.084654,53.231537,38.258434
179.573364,31.337921,52.774349,38.361916
179.667908,31.808849,53.498638,40.703835
178.706924,35.568214,51.627022,38.333031
177.638000,39.016068,51.037468,35.705673
176.416779,39.452740,51.936775,36.746223
175.833740,40.266296,53.291275,37.381374
175.686996,41.199284,55.127094,37.228035
175.144180,41.994408,55.522549,38.398922
176.078491,43.392937,53.466465,38.906864
176.515442,44.079918,54.674335,39.501549
175.280304,46.008415,54.722549,38.929539
174.439911,47.045120,56.134197,39.375271
174.033646,47.353439,57.047871,39.756115
174.905914,49.700371,54.765869,38.394505
174.629364,50.768044,54.126488,39.542652
175.780792,52.357838,51.453911,38.631569
174.769272,53.590591,53.743797,38.654480
173.682129,54.615562,54.487804,40.014385
174.838959,55.953384,53.244247,39.024067
175.305206,57.368286,53.790382,38.292328
174.568512,57.809875,54.836746,39.131836
172.745834,59.361233,56.136200,37.700249
173.120071,60.046890,57.829884,39.003063
174.750031,59.551331,55.992702,39.030170
172.882324,60.198997,58.070557,39.375210
172.642731,60.153786,58.083225,39.559376
171.684891,60.034935,59.428532,38.244160
170.919083,59.837097,58.270092,38.469296
170.663040,59.702568,59.345722,38.381886
173.250320,60.588470,56.617268,37.804203
172.818665,59.935276,57.617962,39.572350
172.882385,59.075970,58.760761,40.666313
173.720352,59.675701,58.706913,38.297890
173.747360,59.329597,58.540852,38.633602
173.494827,59.404320,58.830658,38.067150
174.782104,59.839760,56.975044,37.249569
176.214447,58.997253,55.022873,39.126339
177.138428,59.955940,54.518944,38.542652
177.333359,60.468369,53.521023,37.267994
180.078766,60.614311,50.289177,37.368546
180.522675,59.846767,49.786003,37.142052
181.150223,59.672134,50.368015,37.726406
182.445450,59.983906,49.545254,37.030739
183.389587,59.800838,48.633247,34.439400
185.094543,59.332977,48.996891,36.294941
186.920532,58.313747,47.681713,37.629738
187.509018,57.633392,49.302845,37.875259
188.737457,57.572441,50.191113,36.724030
190.872437,56.931129,48.704132,36.721401
193.022781,54.879761,46.968727,37.889523
194.915070,54.115223,45.891312,37.285286
195.159821,53.240089,43.364670,39.087963
197.191559,51.857765,43.769852,39.683018
198.873810,50.884674,42.316422,39.248356
199.780975,50.634560,42.509720,39.397110
200.155807,49.501175,43.339539,39.671875
202.473694,50.485794,41.048042,38.301071
202.913330,49.110638,40.342014,39.162331
202.373215,48.337418,41.517567,41.319809
203.628647,49.355934,40.168301,38.874249
203.416885,47.577824,39.102776,41.172462
205.222824,47.407066,39.918934,40.425129
205.235382,47.702057,37.978859,39.877380
206.295639,48.019184,36.432899,40.082375
206.511154,48.391792,37.848816,41.901875
207.299377,49.679474,37.115894,40.004589
208.360291,48.060005,36.674412,40.226208
208.685669,47.768520,37.858189,40.862663
209.589111,48.159515,37.591751,40.312576
210.373871,47.811535,39.102798,40.475731
211.089935,48.375076,39.118511,39.459198
211.844711,49.089035,38.592228,38.685413
213.028702,48.951611,37.939594,38.143837
212.248123,49.762589,36.898018,38.301193
213.597519,49.256752,37.183289,38.077576
213.393661,49.713722,37.132774,38.062881
214.991196,49.723495,36.603046,37.757782
217.699509,48.685051,36.254986,36.551334
219.661545,48.419399,37.593636,36.671410
220.676056,49.045044,38.146923,36.910065
221.425278,46.600914,35.755322,39.027084
222.158051,45.848259,35.709343,39.712421
223.303818,46.479439,34.238258,37.995670
243.442795,46.775726,38.258263,39.952148
224.731903,48.198273,34.362461,35.421253
224.833664,46.442543,35.588776,36.302399
223.919403,45.091602,35.470383,36.414711
224.524963,43.913452,35.656490,38.652790
223.845245,43.559231,35.573032,37.513969
223.748413,41.752937,34.595478,36.057564
221.099548,41.647697,35.836533,37.047359
219.536057,39.789528,36.229733,38.410057
220.008575,38.240078,36.284260,39.241005
218.291855,36.328804,36.128017,38.144306
215.114410,34.456810,37.992760,38.003876
218.178543,33.529030,37.639870,39.486477
213.210205,29.990887,38.245304,41.033798
211.785355,27.246950,37.356270,40.439487
210.752106,25.985718,36.973610,40.658241
208.741943,24.802788,36.045441,41.249161
209.128174,24.454662,36.196369,40.340965
214.708511,27.968813,41.521885,43.728275
207.372589,20.281239,38.703243,43.106812
206.715820,16.807751,38.858616,43.208412
206.199722,18.167072,38.547798,40.163361
209.118347,18.298571,37.205334,38.396038
207.915192,17.566673,36.057232,37.709778
207.512161,15.184065,35.534992,37.817394
207.983932,11.351229,35.358696,39.420357
207.887497,13.865183,35.211308,38.453434
208.468582,12.125921,36.157368,38.599255
209.519485,8.085264,35.252220,39.789948
210.713394,10.097563,34.407383,38.891319
209.232269,5.309435,36.015747,37.717979
211.580353,7.873577,34.817249,37.688419
211.920807,4.899214,36.475956,39.962036
213.344345,3.442863,34.219025,38.918541
213.463043,3.645905,35.781525,37.675476
206.199997,2.800000,43.200001,37.200001
216.042374,2.672638,35.650696,37.182770
215.446518,2.778419,36.100674,36.572479
217.377106,3.006962,35.065125,37.123276
216.531769,1.275362,36.010509,35.903996
217.389801,0.525179,37.535988,34.936901
215.332642,1.293234,36.291477,32.707710
214.000000,-0.200000,39.599998,33.799999
218.755356,1.176276,36.516758,31.600878
218.645889,-0.000175,37.453602,29.688768
219.142761,-0.706022,38.496799,31.322285
213.540100,-2.012929,37.959187,29.580776
214.800003,-3.000000,41.000000,34.200001
217.708389,-0.785131,38.321514,30.216526
216.267242,-1.949395,37.704277,30.529217
216.449768,-2.882764,38.742447,29.642580
2
0
0
0
0
1
241.860229,42.142021,23.936411,74.854767
241.886353,43.818741,25.067890,76.796967
241.372177,45.165653,25.563463,80.195610
241.970581,44.306793,25.312542,78.250122
239.036652,64.543495,26.200550,75.876831
239.293701,65.807655,25.264179,76.696350
238.528061,68.863266,25.065174,78.666954
240.800003,70.000000,23.200001,74.599998
238.440552,74.288040,23.774338,74.972450
243.000000,77.599998,23.200001,74.400002
244.199997,79.800003,23.400000,75.199997
242.800003,77.599998,23.200001,74.400002
244.199997,79.400002,23.200001,75.000000
243.600006,79.000000,22.799999,73.599998
243.800003,91.400002,22.400000,72.199997
243.199997,95.599998,22.000000,70.800003
238.604141,100.796349,26.319489,76.000076
238.041351,106.003799,24.243671,74.396584
238.015671,110.015976,22.061880,74.414436
236.302826,113.597557,21.854172,77.556412
234.635818,122.248901,23.313822,73.702393
233.292114,123.040619,24.210312,73.941505
231.705276,127.762199,24.620831,73.768356
229.895569,123.978134,24.922070,73.872559
228.667648,125.356995,24.548662,71.802101
226.802292,127.125000,25.914339,70.221397
225.003769,127.802353,23.727888,70.464569
223.638306,128.772690,23.579094,70.704674
224.513489,132.656021,24.993225,68.622581
220.251724,129.793274,25.579016,72.127510
220.602951,134.583878,25.617340,69.996857
219.953979,137.097443,24.416775,68.044983
217.158676,133.415909,25.135498,72.687584
220.578857,138.554001,26.068762,70.078972
218.844711,141.903198,25.650085,68.348526
218.078094,145.170273,25.217033,68.175499
213.419540,143.207764,24.088953,70.335648
212.297989,147.903076,24.414093,71.074409
216.685120,152.495850,23.852825,66.358421
212.642273,151.076370,24.895920,71.587921
211.437668,153.439026,25.183418,71.473457
204.661011,156.082855,25.666294,71.407280
211.557617,157.771179,24.731430,69.318535
209.044891,158.745605,26.112518,73.455566
208.399994,156.800003,24.600000,74.199997
210.409058,163.466537,24.623463,69.044395
204.890762,161.616669,26.253971,72.530807
206.772095,161.801346,24.893112,66.194153
207.053452,162.290726,24.809103,66.307281
202.035294,162.705078,25.488287,68.695152
202.314636,164.568848,23.920273,67.195023
199.816147,167.610397,24.692064,66.810181
198.251770,165.226105,24.456553,65.863846
195.927521,169.129135,24.734886,67.323700
191.698135,168.006470,25.978241,68.428993
186.600006,159.399994,24.200001,74.400002
187.403519,165.123535,26.329395,70.523621
180.355011,166.987045,25.759544,69.928345
176.987198,168.622147,26.193285,70.528755
175.720978,171.313599,27.582779,72.269455
174.270355,171.510040,27.121704,73.703072
169.417526,173.310440,26.765816,72.359459
165.480743,175.554855,26.734543,72.133278
168.059311,176.625397,28.515532,74.557701
161.049698,181.052536,26.877552,72.246826
159.001144,179.913971,27.498072,71.790016
155.069275,182.618912,27.400244,71.477226
157.941299,182.208344,27.742476,70.902527
158.962570,184.602371,27.872301,71.653893
154.784943,186.042450,27.931808,71.144730
148.036057,187.810028,28.015623,70.921234
146.764282,188.843552,27.923550,70.752136
144.610870,193.181427,27.524099,66.385933
142.829849,190.639709,27.018324,68.181519
143.856018,193.660889,26.287989,66.167130
140.871246,191.793060,27.133858,70.646141
138.974960,192.980316,25.961384,70.526512
138.826843,194.614349,26.924673,71.517593
137.722916,195.493988,27.443501,70.128586
136.411545,196.627884,28.219601,70.920082
135.171783,202.247772,28.334846,70.424316
130.012146,202.972900,29.868568,71.470123
129.347610,204.555496,29.186089,71.551796
122.152367,205.439606,30.045574,73.964828
117.743378,209.644318,30.717381,71.730103
115.267860,209.645142,30.794510,73.325592
114.628456,210.694122,28.186941,70.275902
108.665436,211.760529,29.912271,72.119606
109.331879,213.072739,29.198082,69.103821
109.015518,208.562683,29.297077,71.590858
107.899574,207.492844,28.264040,69.689323
106.171860,213.765793,26.821243,67.642372
104.202621,211.909332,27.116364,67.449875
103.005081,209.542557,27.153814,68.052795
105.349617,211.195374,26.435038,67.145462
102.289040,210.665085,26.581509,67.317818
101.015198,210.098465,25.591682,66.436371
98.807663,211.977173,24.873734,62.683689
127.292702,198.680603,28.541485,75.805870
100.980690,203.087753,25.819355,66.196785
99.933464,205.537079,24.750235,63.903492
97.766525,203.485092,26.010715,65.638649
94.516151,202.852844,26.394991,66.147568
88.413849,206.619171,25.840574,66.431923
87.729073,202.497787,27.391260,68.800354
81.367996,206.256409,26.476511,67.534622
81.033485,202.883499,27.441137,67.734474
80.718071,200.561615,28.556049,72.468277
79.297371,200.959778,29.031174,72.121704
79.166832,203.768234,29.613750,74.572441
83.461563,206.514465,27.033905,71.458633
75.149048,205.458923,28.031803,72.837616
73.532509,203.955933,28.501955,75.057442
79.593658,207.130432,28.294167,71.968369
80.125443,209.281815,27.064426,71.093468
81.213387,211.073349,28.493269,73.132790
87.280609,214.469040,28.793505,70.042610
88.595146,214.265015,27.879148,69.141685
93.164337,213.958664,30.099567,71.989525
98.240509,212.084702,27.548943,67.199211
105.756737,212.579987,26.048677,64.612633
106.410515,210.262985,25.591404,65.190132
109.987061,207.169464,26.273705,67.858742
113.199997,203.399994,25.000000,74.199997
115.844604,206.200378,26.765934,65.989029
122.000000,205.199997,25.400000,75.000000
122.236458,210.768570,26.525137,65.081139
116.799026,201.048965,28.089544,67.659828
2
0
0
0
0
1
147.056992,211.923691,72.500336,50.884609
146.312500,211.115158,72.988701,48.257027
144.786652,209.422546,73.803825,47.516674
141.892868,207.554153,76.532600,47.179195
141.318893,205.936081,76.379425,47.508610
138.928802,205.889114,77.172760,46.917538
135.241348,204.584244,79.707191,48.528557
135.125916,205.153595,78.277740,46.819881
131.934448,205.310791,82.862984,47.362049
129.993942,204.522476,83.802025,47.885689
129.018021,204.665787,84.906487,46.788837
130.127686,205.031250,83.993729,46.344021
126.462898,202.646164,86.355911,48.465061
126.263062,202.588547,84.890717,48.267159
125.366859,202.470093,84.788467,49.404266
126.012985,204.009033,77.160118,48.871239
121.855957,204.145874,80.480591,49.520741
122.074707,205.671997,80.563042,48.662132
124.053391,205.395905,78.248863,49.108585
126.226669,205.558807,77.665855,47.066444
125.811333,205.613159,77.422012,46.538616
124.498039,205.182220,77.332169,48.430233
124.755394,205.650146,76.560867,49.228493
126.452415,205.329468,74.868240,50.552864
126.888954,208.957901,73.407516,48.323090
129.288361,208.953217,73.238480,48.795944
128.649734,209.618362,73.540077,49.585155
129.745667,209.235764,73.903961,49.641083
128.967606,208.551468,76.423531,50.379585
132.557388,207.997528,74.850029,47.662689
131.271301,207.624573,76.220917,48.606907
130.826035,207.785706,77.433350,49.487858
132.399002,205.858261,77.282906,49.838799
2
0
0
0
0
1
228.066681,173.209396,71.412552,69.304138
229.933975,174.472443,72.367767,68.916931
232.187073,172.658844,75.195877,72.977859
233.208328,172.627487,76.333656,71.962791
234.703827,173.283005,77.154793,70.830452
235.997772,171.407455,78.821182,74.232689
236.865295,171.395493,83.431160,71.523445
241.284119,168.524918,82.030533,75.999168
245.800003,165.800003,77.400002,77.400002
246.152039,163.406433,87.632378,73.840279
249.159698,161.820724,87.729874,76.007759
253.013641,159.634247,87.588943,74.510117
257.526062,162.539658,82.826065,70.396263
260.900055,154.629440,88.644875,72.700905
268.493286,142.735138,90.128944,78.272446
273.350555,139.154968,92.344376,79.030472
281.275330,131.550217,91.997223,80.038719
286.999329,134.044357,92.368614,78.309303
291.974731,124.088074,93.517937,81.660652
303.078522,123.140091,91.082642,79.239868
307.894897,120.652603,91.937950,80.225403
314.891907,119.133911,91.079773,78.318535
319.125916,118.440125,91.596283,79.972656
327.573334,115.743927,92.790878,81.520752
327.735748,111.027527,97.893700,81.515747
332.102356,111.448303,97.397186,81.554390
338.817871,109.258705,96.114517,85.442795
342.452942,110.283051,95.858429,82.314659
340.116882,108.721718,99.007179,83.390579
342.429382,109.726753,98.513969,86.086014
343.289429,111.019753,97.357574,79.909286
347.209747,111.320206,96.109863,79.232208
350.910583,109.059418,96.695824,83.882561
353.386078,107.767609,94.575729,83.941589
356.989471,107.176010,92.831734,80.153328
354.110138,105.921768,92.828484,82.130058
359.743164,105.137383,89.224579,78.474380
353.840759,104.609131,93.456795,81.722023
355.756409,102.011696,91.797081,82.548325
358.755768,102.972595,89.114914,81.594452
362.973206,103.379341,84.138321,77.926376
361.985168,102.298088,84.622597,77.986588
357.642548,104.373383,85.641968,79.791107
358.901276,103.963127,83.775345,76.321579
354.560486,103.198105,87.629791,77.130180
