1
741.112305,222.328796,79.043854,170.250183
741.003845,223.028473,78.790665,168.834656
758.157532,227.739059,78.921173,167.798981
765.014954,223.592880,79.176407,167.673492
766.037231,222.961121,78.369255,167.913437
775.200012,211.800003,80.400002,168.800003
772.400024,208.600006,79.400002,166.600006
730.799988,248.600006,81.599998,171.399994
716.400024,258.399994,80.599998,169.000000
2
0
0
0
0
1
834.171570,207.968353,85.171791,187.249756
778.400024,227.800003,86.599998,190.600006
2
0
0
0
0
1
903.070496,196.892639,63.746475,175.207031
909.542419,200.781982,62.942120,171.206848
915.609253,195.490662,64.201111,172.778503
916.180603,196.133484,63.588264,172.769058
929.020752,196.819489,63.798569,173.761841
936.143433,199.412476,61.325768,168.339355
941.151245,203.111847,62.937706,164.092590
941.794800,203.837418,61.476337,163.464752
950.495789,206.049042,62.668819,165.719894
953.458130,199.094971,64.641388,168.377090
957.092957,191.902771,65.721191,167.097595
958.380432,191.479279,61.060947,168.279526
952.599976,187.000000,68.199997,185.800003
956.204712,177.644531,75.675591,178.997116
962.617981,181.273422,70.793320,178.095245
961.694580,179.743896,70.459099,180.783646
965.397583,186.825134,66.730598,176.611572
963.425964,194.007355,69.207642,174.564331
962.692139,195.429749,68.037842,172.312332
964.573303,194.132050,67.732994,171.320358
964.818176,193.886551,67.365273,172.955292
969.181213,188.500870,67.385529,172.206451
974.905090,177.535278,63.496834,177.449966
982.853394,181.351044,64.394211,167.368027
974.400024,178.800003,66.599998,181.199997
974.400024,190.000000,66.400002,181.199997
987.390869,178.089752,61.933865,172.090576
990.360718,181.726257,63.659733,173.094315
993.215454,181.969589,65.462097,175.608307
996.279663,183.108063,64.666031,173.350021
999.308411,185.469025,67.397629,175.510681
1007.681213,193.039703,63.860737,170.806351
1010.056091,194.234406,64.589462,172.526794
1009.677063,193.237656,64.397110,171.856110
1015.840942,196.993958,64.215057,172.687210
1018.513855,195.813385,65.816772,172.614273
1022.439331,193.915131,65.649467,173.640640
1024.798950,193.279236,66.590927,174.077499
1025.475342,193.009613,67.309822,177.280807
1025.040771,197.300018,67.387306,178.778992
1024.402954,204.342651,66.690926,177.773743
1022.494141,205.403748,66.774872,175.806442
1024.341919,204.891937,68.487495,179.141907
1026.280518,210.670486,66.762932,178.345978
1022.822754,213.115158,67.754433,177.713531
1018.865601,213.023163,68.603218,180.053650
1014.158630,210.996201,67.726494,179.573700
1011.107666,211.699707,67.530281,178.180496
1002.371643,208.019470,67.565544,178.881226
991.044617,206.337509,66.955391,179.266022
978.698853,204.155457,68.377396,175.839279
968.830627,198.441406,68.631355,176.971054
958.305969,193.586899,67.975151,178.334198
948.461670,189.437500,67.099892,178.972473
934.866699,188.530640,68.507973,180.022583
923.207031,191.656158,67.405548,180.609787
907.510071,196.691223,68.961700,178.289108
890.347473,198.773651,69.387154,179.847946
869.363098,202.410767,69.780624,183.240616
849.647827,207.214050,73.628265,176.003784
827.805908,201.193649,76.180954,177.921173
799.991577,198.656281,79.578491,185.588562
769.705994,197.574280,77.454971,185.376587
742.248108,196.360474,76.262726,182.300613
717.623474,189.586243,77.569069,181.076721
692.915649,175.826447,78.962112,186.354019
672.852417,173.366730,78.541862,182.861328
653.094421,167.814301,80.069923,184.743332
634.636963,167.229370,80.250328,187.931870
615.940186,168.647858,79.415848,188.554443
597.602112,171.486328,79.687965,189.095413
582.405579,173.083954,79.234528,186.579605
567.999451,177.056732,78.973160,183.331299
551.918518,176.937088,79.829765,182.634247
537.453430,179.719727,75.984291,183.442398
525.805969,183.980011,74.985878,180.659134
520.288635,188.006439,71.232323,179.197861
509.588989,187.285294,75.292747,177.349152
492.142029,183.153259,75.386810,183.380264
475.820099,186.170563,75.050003,182.275406
466.966339,192.263870,73.636543,175.596893
456.902832,185.103271,73.113884,181.413895
445.204620,180.273926,72.943619,182.811691
433.108673,180.399170,73.577599,181.159119
422.385712,190.380096,74.633499,181.451614
412.946533,201.757751,70.202202,179.820755
403.221985,202.007477,74.679092,180.334335
394.650269,197.117981,73.615494,178.813187
386.606628,196.467438,75.374298,179.251587
379.317413,200.851089,76.022293,183.894867
371.747925,203.080139,76.368622,188.355667
360.255829,200.350174,78.414124,193.130035
359.780701,203.468109,78.100510,188.831772
340.733459,202.834808,78.969330,188.005173
332.194885,198.298691,79.594269,193.091949
325.457764,200.721756,80.669678,190.222198
327.093781,209.595490,77.623466,186.663528
319.512604,210.794708,77.353943,186.055557
313.085510,216.168762,75.784744,184.303482
307.154694,215.221863,74.412178,186.275620
304.809814,216.820435,74.645935,183.297607
298.675598,220.857315,74.586189,180.187347
293.944916,217.707993,73.193825,177.969574
286.188782,218.554733,73.772064,177.993805
284.943604,224.868652,71.191772,172.587357
284.194977,224.526047,68.796318,166.449860
281.118225,217.814728,70.481583,166.307907
281.246094,213.117691,66.354004,166.044586
279.790131,213.150223,66.826317,165.350250
283.394653,214.754547,66.546814,166.111877
287.531708,222.117004,67.381241,161.104507
291.599701,224.105804,67.594154,159.270020
299.101868,223.072144,65.782997,163.926697
307.247986,228.144836,64.025047,158.557449
311.976074,233.216690,67.426003,159.314545
320.208435,229.298386,66.008392,162.603241
329.688690,237.033203,68.160454,158.353149
338.226746,234.234955,73.205811,164.334351
342.413116,234.462982,70.914169,163.077011
345.704468,225.024918,76.181381,173.688019
352.737244,219.227325,71.512848,167.345764
353.740204,220.990540,68.397362,166.742981
353.293396,226.818481,67.118942,166.984116
349.665222,231.813828,67.907516,165.952118
348.789886,234.456268,68.006424,166.538071
344.860962,235.178452,68.832130,169.466888
346.989136,246.774658,65.412743,161.984146
348.098480,249.437836,66.414635,165.110962
345.729492,255.127655,66.220932,165.064682
344.829468,256.270630,67.573181,162.261841
348.083527,257.390167,68.238670,162.409363
350.912048,260.792969,66.902168,162.763733
352.958252,261.199524,65.807228,160.255249
354.143311,257.459991,67.593063,162.185257
355.415680,258.840546,67.053223,162.357224
357.887726,257.490601,67.422295,161.518463
357.305359,253.851685,65.538551,163.946152
360.821625,255.385864,67.282066,163.229416
363.801025,250.651672,67.142555,162.835800
368.287842,246.687378,67.230507,163.369995
374.286133,246.436646,64.932465,160.638657
378.622620,245.445953,70.003372,162.043289
381.481171,246.579010,68.163391,161.936264
386.697418,251.920319,70.853813,164.290527
393.499481,250.752838,70.662086,163.190109
396.082794,244.377014,72.315865,168.438660
400.829041,244.250427,73.488205,167.226074
406.108856,239.600357,74.761353,175.866974
408.645416,240.136627,74.518730,170.194717
412.526154,234.937958,74.545540,173.133804
419.217743,235.251709,76.898697,174.610428
425.694122,237.796997,76.708015,175.536926
428.314606,233.784058,75.256920,179.439499
434.821167,227.957062,73.004524,176.600937
437.585266,228.825745,73.544991,178.916138
442.397766,245.356659,76.399704,177.607285
448.042297,247.898804,74.253075,172.449600
448.398590,248.424713,74.435356,172.320023
453.290497,249.487457,73.855148,168.630127
458.827454,237.276001,73.663513,178.256393
460.552979,245.373688,70.801079,174.150894
461.612732,245.626465,74.264740,179.006638
469.844269,235.695526,71.582649,181.792542
474.410126,241.117096,69.891006,172.420349
472.183105,237.376617,68.945770,172.727905
478.454590,231.444489,71.140770,176.622498
477.442535,251.791443,74.197945,172.395920
482.200012,240.199997,66.000000,183.399994
486.194366,243.749817,66.791321,170.886963
490.903351,247.900299,65.609924,169.137985
494.678528,248.583679,63.121597,161.623611
499.483673,258.291229,66.362236,163.151978
504.311401,258.412811,65.431999,159.396866
507.846771,260.643555,60.011417,154.045029
510.760254,255.524811,64.148666,157.788803
515.671997,248.382141,61.738754,159.150803
520.387268,266.920776,60.196175,153.473572
