1
190.405930,330.084991,50.172504,141.215820
199.465317,329.391663,48.974972,151.308167
202.233459,322.124084,54.189186,154.574097
216.419662,329.984222,50.487118,155.822861
225.403458,330.925354,52.690269,155.112885
236.770737,333.291168,50.730934,151.531509
246.032806,333.810577,54.967640,157.959366
258.897583,333.792999,52.677704,163.490250
271.461548,331.145508,54.140961,178.438797
281.482544,322.368652,59.554417,183.288925
295.095398,331.730621,59.320831,162.670639
307.283661,329.093353,65.339798,165.857803
322.573975,338.122406,66.160095,159.788712
338.012543,339.413818,68.918839,158.870331
353.607849,342.410461,73.253578,165.360504
373.950806,335.138245,68.599213,177.724091
386.208771,335.481750,70.718674,187.196808
400.612213,345.672241,73.416489,191.359818
412.890198,354.326721,76.339645,176.731339
429.757538,359.506653,72.938217,165.774979
458.252991,398.867676,58.316742,161.707443
457.662964,359.357452,67.282013,171.128479
461.335419,345.433624,65.758530,168.742615
465.922333,325.208252,70.664078,165.171661
489.799988,360.600006,68.800003,172.000000
509.637360,350.011047,74.144936,193.892273
522.693542,347.609833,72.154175,201.488083
534.438660,338.034363,71.970932,209.461716
539.235474,339.242615,73.306633,199.774338
525.534790,402.483765,64.704109,168.683868
526.932129,380.021851,58.532356,164.769928
523.799988,347.200012,69.400002,172.800003
514.799988,327.000000,68.599998,171.199997
580.000000,319.399994,69.800003,174.199997
648.131592,357.698578,72.016205,196.233643
638.837646,371.098328,70.256989,197.273575
629.811584,376.272888,68.013817,218.920563
619.758606,364.749115,64.725555,218.177963
603.979065,370.162537,65.484711,194.823502
2
0
0
0
0
1
619.642700,103.496353,175.988510,383.383575
635.963501,91.177582,161.844421,382.108582
640.400024,89.199997,196.399994,346.600006
532.157776,198.072662,197.298264,338.900269
504.666260,194.198212,208.652359,355.133911
473.623047,182.871735,221.853760,347.168884
488.799988,162.800003,198.600006,350.799988
636.908508,180.637177,242.410187,330.748535
648.457581,216.073288,209.130661,319.809906
621.708374,194.798965,183.334946,330.098419
593.469604,138.420609,174.151138,364.336395
603.923279,185.008759,163.069672,349.356995
577.488403,109.919769,186.730148,376.616882
576.348389,111.690216,208.823212,374.148376
561.296143,112.289581,242.388855,370.840149
549.022888,142.077301,237.561371,320.700745
548.389160,125.260544,257.680908,336.046722
541.769714,139.058456,224.688339,342.345734
570.498413,125.844635,195.089859,358.601135
612.598755,150.471771,164.546234,333.301025
623.054932,131.741684,158.886826,352.543610
682.910828,105.760361,170.766068,382.026642
728.683228,127.806122,180.954300,352.397949
727.200012,184.800003,200.600006,353.799988
802.000000,193.000000,196.399994,346.799988
856.000000,172.000000,194.399994,343.200012
845.799988,144.600006,192.600006,340.399994
2
0
0
0
0
1
696.282837,408.291870,177.305481,256.388275
703.312622,405.679718,167.905182,253.779984
707.831665,399.536102,165.891113,262.221375
707.670288,399.265717,162.372116,260.930603
706.721558,398.490601,161.054214,264.172028
703.806274,400.704651,161.673264,262.247650
700.145020,394.642639,162.226746,268.119873
702.131958,399.823700,158.662506,260.660095
702.054016,394.112152,159.649307,267.550964
702.546936,396.498840,158.301956,271.593140
706.809021,402.041321,154.253525,264.123383
712.054260,404.246735,151.708603,262.843933
708.639343,399.228058,152.919098,267.450745
704.432678,389.938477,158.666122,273.916779
704.472839,400.044739,159.805664,261.669525
696.138855,395.193848,163.302155,262.679443
699.441162,399.265717,159.730453,261.549866
702.230347,402.949280,159.444534,254.680573
701.437988,383.827576,161.747177,277.150543
691.987671,388.135254,166.184830,269.849945
699.284180,386.374451,161.274384,266.284943
699.330322,401.210205,163.887283,254.672821
700.655640,382.960754,163.790543,273.289429
708.186035,388.083496,159.418854,269.220367
709.533691,392.450256,158.229919,267.387573
712.313538,394.968140,156.101212,258.489502
709.816406,391.169647,159.178253,264.685730
713.928833,393.560913,156.742340,254.540512
712.577515,395.026978,160.293686,264.137787
714.473022,391.489197,156.412491,256.464813
715.385620,386.939148,154.478271,265.530762
717.305969,395.216705,153.434555,257.342346
717.226074,397.042389,150.397797,249.323196
710.355835,403.072449,155.779312,244.188370
710.903503,391.244812,154.186646,256.277466
696.481079,390.545471,163.488388,256.885712
694.989014,382.593933,167.346008,266.203979
692.882690,392.636444,167.165070,254.061707
694.299683,394.102173,165.898849,253.939972
