1
316.000000,536.000000,13.000000,49.000000
312.000000,525.000000,11.000000,46.000000
307.000000,532.000000,13.000000,57.000000
323.000000,520.000000,13.000000,48.000000
318.000000,514.000000,18.000000,48.000000
303.000000,500.000000,13.000000,48.000000
301.000000,493.000000,13.000000,48.000000
2
0
0
0
0
1
344.000000,420.000000,17.000000,48.000000
357.000000,426.000000,17.000000,51.000000
376.000000,432.000000,17.000000,51.000000
395.000000,430.000000,17.000000,51.000000
391.000000,413.000000,17.000000,51.000000
374.000000,403.000000,17.000000,51.000000
373.000000,388.000000,15.000000,52.000000
374.000000,389.000000,15.000000,49.000000
374.000000,379.000000,14.000000,54.000000
363.000000,375.000000,17.000000,48.000000
351.000000,365.000000,15.000000,56.000000
345.000000,356.000000,16.000000,46.000000
347.000000,348.000000,17.000000,55.000000
344.000000,327.000000,17.000000,55.000000
345.000000,310.000000,17.000000,55.000000
366.000000,301.000000,17.000000,55.000000
374.000000,274.000000,16.000000,61.000000
370.000000,261.000000,17.000000,57.000000
388.000000,244.000000,17.000000,57.000000
403.000000,234.000000,16.000000,54.000000
413.000000,253.000000,15.000000,57.000000
430.000000,266.000000,17.000000,59.000000
449.000000,277.000000,14.000000,59.000000
456.000000,290.000000,17.000000,52.000000
460.000000,292.000000,15.000000,60.000000
438.000000,308.000000,17.000000,59.000000
437.000000,299.000000,18.000000,60.000000
428.000000,315.000000,15.000000,59.000000
406.000000,317.000000,17.000000,61.000000
2
0
0
0
0
1
259.000000,260.000000,21.000000,66.000000
244.000000,262.000000,22.000000,57.000000
243.000000,251.000000,22.000000,55.000000
264.000000,264.000000,21.000000,67.000000
285.000000,282.000000,21.000000,66.000000
2
0
0
0
0
1
350.000000,368.000000,24.000000,67.000000
341.000000,384.000000,27.000000,58.000000
323.000000,378.000000,24.000000,66.000000
300.000000,366.000000,24.000000,66.000000
291.000000,340.000000,20.000000,63.000000
291.000000,337.000000,19.000000,62.000000
298.000000,334.000000,19.000000,62.000000
293.000000,344.000000,21.000000,66.000000
293.000000,339.000000,21.000000,64.000000
299.000000,338.000000,17.000000,60.000000
293.000000,328.000000,23.000000,60.000000
284.000000,331.000000,21.000000,70.000000
289.000000,342.000000,25.000000,62.000000
310.000000,345.000000,22.000000,60.000000
299.000000,343.000000,28.000000,63.000000
284.000000,328.000000,20.000000,62.000000
285.000000,325.000000,20.000000,63.000000
293.000000,338.000000,24.000000,61.000000
304.000000,339.000000,21.000000,59.000000
300.000000,347.000000,21.000000,63.000000
306.000000,348.000000,24.000000,59.000000
321.000000,352.000000,17.000000,63.000000
321.000000,368.000000,25.000000,63.000000
336.000000,363.000000,23.000000,61.000000
342.000000,361.000000,18.000000,60.000000
341.000000,340.000000,19.000000,69.000000
344.000000,332.000000,29.000000,64.000000
369.000000,333.000000,26.000000,68.000000
398.000000,331.000000,25.000000,63.000000
396.000000,318.000000,24.000000,62.000000
391.000000,318.000000,19.000000,63.000000
393.000000,315.000000,26.000000,65.000000
409.000000,298.000000,23.000000,62.000000
413.000000,308.000000,24.000000,66.000000
438.000000,303.000000,27.000000,62.000000
458.000000,311.000000,26.000000,63.000000
469.000000,323.000000,23.000000,61.000000
479.000000,316.000000,16.000000,62.000000
481.000000,306.000000,17.000000,61.000000
483.000000,307.000000,20.000000,62.000000
491.000000,298.000000,27.000000,66.000000
513.000000,281.000000,25.000000,61.000000
526.000000,280.000000,26.000000,61.000000
543.000000,268.000000,26.000000,62.000000
558.000000,259.000000,24.000000,59.000000
567.000000,249.000000,23.000000,61.000000
577.000000,229.000000,24.000000,66.000000
584.000000,215.000000,20.000000,62.000000
590.000000,209.000000,24.000000,62.000000
603.000000,208.000000,23.000000,61.000000
611.000000,211.000000,16.000000,55.000000
596.000000,203.000000,29.000000,59.000000
579.000000,195.000000,25.000000,59.000000
576.000000,201.000000,19.000000,58.000000
561.000000,192.000000,30.000000,61.000000
544.000000,186.000000,25.000000,63.000000
531.000000,164.000000,25.000000,63.000000
509.000000,153.000000,19.000000,63.000000
491.000000,137.000000,28.000000,58.000000
466.000000,139.000000,25.000000,62.000000
451.000000,147.000000,18.000000,60.000000
457.000000,157.000000,22.000000,75.000000
466.000000,177.000000,28.000000,63.000000
485.000000,188.000000,27.000000,60.000000
497.000000,193.000000,16.000000,61.000000
494.000000,183.000000,20.000000,62.000000
504.000000,176.000000,27.000000,60.000000
522.000000,167.000000,26.000000,60.000000
538.000000,166.000000,31.000000,62.000000
