1
316.000000,536.000000,13.000000,49.000000
312.000000,524.000000,10.000000,47.000000
307.000000,531.000000,12.000000,57.000000
324.000000,520.000000,13.000000,49.000000
315.000000,513.000000,19.000000,49.000000
2
0
0
0
0
1
345.000000,427.000000,11.000000,54.000000
346.000000,431.000000,10.000000,54.000000
351.000000,421.000000,10.000000,50.000000
362.000000,428.000000,13.000000,52.000000
380.000000,435.000000,15.000000,50.000000
396.000000,434.000000,14.000000,44.000000
396.000000,412.000000,14.000000,50.000000
2
0
0
0
0
1
348.000000,355.000000,14.000000,40.000000
348.000000,336.000000,22.000000,61.000000
347.000000,320.000000,18.000000,54.000000
349.000000,305.000000,27.000000,54.000000
369.000000,289.000000,18.000000,53.000000
376.000000,266.000000,17.000000,62.000000
372.000000,241.000000,18.000000,65.000000
387.000000,232.000000,25.000000,46.000000
404.000000,231.000000,17.000000,48.000000
417.000000,255.000000,17.000000,49.000000
434.000000,266.000000,26.000000,46.000000
453.000000,276.000000,15.000000,55.000000
458.000000,290.000000,16.000000,42.000000
459.000000,289.000000,23.000000,54.000000
439.000000,307.000000,26.000000,45.000000
439.000000,301.000000,20.000000,46.000000
422.000000,311.000000,31.000000,58.000000
401.000000,317.000000,32.000000,49.000000
2
0
0
0
0
1
259.000000,266.000000,22.000000,54.000000
244.000000,264.000000,21.000000,54.000000
243.000000,250.000000,22.000000,57.000000
263.000000,262.000000,22.000000,70.000000
291.000000,291.000000,24.000000,56.000000
2
0
0
0
0
1
349.000000,375.000000,27.000000,71.000000
340.000000,381.000000,28.000000,62.000000
320.000000,377.000000,25.000000,70.000000
298.000000,357.000000,26.000000,67.000000
292.000000,337.000000,20.000000,62.000000
290.000000,337.000000,21.000000,63.000000
297.000000,335.000000,20.000000,60.000000
292.000000,345.000000,22.000000,66.000000
292.000000,338.000000,22.000000,66.000000
298.000000,337.000000,18.000000,61.000000
292.000000,327.000000,24.000000,61.000000
284.000000,331.000000,22.000000,71.000000
287.000000,341.000000,29.000000,64.000000
310.000000,344.000000,22.000000,63.000000
297.000000,342.000000,30.000000,66.000000
283.000000,328.000000,22.000000,62.000000
284.000000,325.000000,21.000000,62.000000
291.000000,337.000000,25.000000,62.000000
303.000000,339.000000,22.000000,60.000000
299.000000,347.000000,21.000000,64.000000
305.000000,347.000000,26.000000,61.000000
319.000000,350.000000,19.000000,66.000000
320.000000,366.000000,26.000000,65.000000
335.000000,362.000000,24.000000,62.000000
342.000000,360.000000,19.000000,61.000000
341.000000,340.000000,19.000000,70.000000
345.000000,332.000000,28.000000,65.000000
372.000000,330.000000,24.000000,65.000000
398.000000,330.000000,23.000000,64.000000
396.000000,318.000000,23.000000,61.000000
391.000000,317.000000,19.000000,65.000000
393.000000,315.000000,26.000000,66.000000
409.000000,299.000000,22.000000,61.000000
413.000000,308.000000,23.000000,64.000000
434.000000,303.000000,24.000000,63.000000
459.000000,312.000000,25.000000,64.000000
469.000000,321.000000,24.000000,64.000000
478.000000,316.000000,19.000000,64.000000
480.000000,305.000000,18.000000,63.000000
482.000000,305.000000,21.000000,62.000000
492.000000,297.000000,26.000000,66.000000
511.000000,281.000000,26.000000,59.000000
525.000000,279.000000,27.000000,64.000000
544.000000,268.000000,26.000000,63.000000
558.000000,257.000000,23.000000,62.000000
567.000000,248.000000,22.000000,65.000000
577.000000,228.000000,24.000000,68.000000
583.000000,214.000000,22.000000,63.000000
589.000000,209.000000,26.000000,64.000000
602.000000,207.000000,24.000000,63.000000
611.000000,209.000000,17.000000,57.000000
596.000000,201.000000,28.000000,59.000000
579.000000,194.000000,27.000000,60.000000
575.000000,199.000000,19.000000,58.000000
561.000000,190.000000,29.000000,65.000000
548.000000,188.000000,25.000000,62.000000
538.000000,184.000000,25.000000,62.000000
2
0
0
0
0
1
490.000000,180.000000,28.000000,82.000000
499.000000,185.000000,23.000000,78.000000
502.000000,179.000000,19.000000,76.000000
510.000000,169.000000,28.000000,79.000000
528.000000,160.000000,26.000000,80.000000
542.000000,156.000000,34.000000,88.000000
