1
318.000000,535.000000,13.000000,50.000000
311.000000,523.000000,12.000000,49.000000
308.000000,531.000000,12.000000,57.000000
322.000000,522.000000,13.000000,49.000000
317.000000,514.000000,18.000000,49.000000
303.000000,497.000000,13.000000,49.000000
303.000000,486.000000,13.000000,49.000000
2
0
0
0
0
1
344.000000,420.000000,17.000000,50.000000
357.000000,426.000000,17.000000,54.000000
378.000000,432.000000,17.000000,54.000000
394.000000,431.000000,17.000000,54.000000
392.000000,418.000000,17.000000,54.000000
373.000000,407.000000,17.000000,54.000000
374.000000,389.000000,14.000000,50.000000
374.000000,391.000000,14.000000,47.000000
375.000000,380.000000,13.000000,52.000000
364.000000,376.000000,16.000000,46.000000
351.000000,366.000000,15.000000,53.000000
344.000000,357.000000,15.000000,47.000000
346.000000,351.000000,17.000000,55.000000
345.000000,331.000000,17.000000,56.000000
346.000000,315.000000,17.000000,55.000000
367.000000,299.000000,17.000000,56.000000
374.000000,272.000000,14.000000,60.000000
372.000000,263.000000,17.000000,55.000000
388.000000,246.000000,17.000000,55.000000
402.000000,233.000000,16.000000,54.000000
415.000000,252.000000,17.000000,57.000000
434.000000,268.000000,17.000000,58.000000
450.000000,279.000000,15.000000,59.000000
456.000000,289.000000,16.000000,50.000000
460.000000,291.000000,17.000000,62.000000
437.000000,307.000000,18.000000,56.000000
436.000000,301.000000,17.000000,57.000000
425.000000,315.000000,16.000000,63.000000
407.000000,320.000000,17.000000,60.000000
2
0
0
0
0
1
259.000000,264.000000,21.000000,58.000000
244.000000,262.000000,20.000000,57.000000
243.000000,249.000000,23.000000,58.000000
264.000000,254.000000,21.000000,65.000000
2
0
0
0
0
1
350.000000,348.000000,24.000000,66.000000
350.000000,376.000000,25.000000,73.000000
342.000000,385.000000,26.000000,59.000000
322.000000,376.000000,24.000000,69.000000
297.000000,359.000000,24.000000,67.000000
291.000000,340.000000,21.000000,61.000000
290.000000,338.000000,19.000000,60.000000
298.000000,336.000000,19.000000,60.000000
293.000000,346.000000,21.000000,63.000000
293.000000,341.000000,21.000000,64.000000
298.000000,340.000000,17.000000,58.000000
293.000000,329.000000,21.000000,61.000000
283.000000,334.000000,22.000000,69.000000
288.000000,342.000000,27.000000,66.000000
310.000000,347.000000,20.000000,59.000000
301.000000,346.000000,25.000000,63.000000
284.000000,331.000000,19.000000,61.000000
285.000000,329.000000,20.000000,61.000000
292.000000,340.000000,23.000000,61.000000
303.000000,341.000000,20.000000,58.000000
299.000000,350.000000,21.000000,62.000000
306.000000,349.000000,24.000000,61.000000
320.000000,353.000000,18.000000,65.000000
322.000000,369.000000,22.000000,61.000000
335.000000,363.000000,24.000000,63.000000
342.000000,362.000000,18.000000,60.000000
341.000000,343.000000,18.000000,68.000000
345.000000,333.000000,26.000000,64.000000
370.000000,333.000000,23.000000,69.000000
399.000000,332.000000,20.000000,64.000000
397.000000,321.000000,22.000000,62.000000
389.000000,320.000000,20.000000,61.000000
393.000000,317.000000,25.000000,65.000000
409.000000,300.000000,21.000000,61.000000
414.000000,311.000000,21.000000,62.000000
439.000000,304.000000,27.000000,65.000000
460.000000,314.000000,22.000000,64.000000
469.000000,324.000000,23.000000,62.000000
478.000000,318.000000,17.000000,62.000000
480.000000,308.000000,17.000000,60.000000
482.000000,309.000000,21.000000,59.000000
491.000000,299.000000,26.000000,68.000000
513.000000,280.000000,24.000000,62.000000
526.000000,282.000000,24.000000,60.000000
543.000000,269.000000,24.000000,65.000000
559.000000,260.000000,20.000000,57.000000
568.000000,250.000000,20.000000,62.000000
577.000000,231.000000,22.000000,66.000000
584.000000,216.000000,20.000000,61.000000
589.000000,211.000000,25.000000,60.000000
603.000000,211.000000,21.000000,58.000000
610.000000,210.000000,19.000000,58.000000
597.000000,203.000000,27.000000,61.000000
578.000000,196.000000,23.000000,59.000000
576.000000,202.000000,17.000000,57.000000
562.000000,191.000000,27.000000,66.000000
542.000000,171.000000,24.000000,65.000000
514.000000,168.000000,22.000000,59.000000
510.000000,154.000000,18.000000,64.000000
491.000000,137.000000,26.000000,61.000000
467.000000,137.000000,25.000000,66.000000
451.000000,148.000000,18.000000,60.000000
456.000000,157.000000,22.000000,80.000000
464.000000,179.000000,28.000000,66.000000
486.000000,189.000000,25.000000,63.000000
496.000000,194.000000,17.000000,58.000000
492.000000,185.000000,25.000000,66.000000
505.000000,175.000000,27.000000,69.000000
521.000000,167.000000,24.000000,67.000000
539.000000,165.000000,26.000000,66.000000
