1
1098.615234,601.950684,50.547909,70.284195
1094.599976,607.200012,48.000000,68.000000
1058.728882,607.079651,49.269470,63.963017
1066.417603,614.317993,54.735668,65.389977
2
0
0
0
0
1
866.000000,599.000000,68.000000,49.400002
849.000000,576.200012,69.199997,50.400002
835.046387,567.044006,70.625618,63.142429
826.062744,561.044800,74.949303,65.115051
825.402161,557.348633,69.382622,59.479374
819.599976,560.400024,70.800003,51.799999
809.975342,557.413025,60.629677,53.040165
801.374268,558.728882,59.495663,54.918770
792.255310,553.606506,58.280872,53.701748
784.231995,548.424377,63.638336,58.815529
780.032837,546.356445,67.144028,57.065212
777.098633,547.122742,65.485558,49.991802
774.936279,554.517334,66.881065,42.490643
778.000000,551.599976,69.199997,51.000000
794.400024,571.000000,68.400002,50.599998
779.000000,571.000000,68.800003,50.799999
785.000000,564.599976,70.000000,52.000000
784.324097,532.696167,60.445820,43.777588
787.996338,520.378845,65.186340,52.826553
785.679871,505.362061,64.346581,55.746929
784.768921,488.860443,63.526104,64.900063
785.135681,482.302338,61.830143,64.782166
784.323303,479.809662,58.741657,61.669865
778.152466,476.707275,57.017406,56.318398
771.730042,476.252075,54.552399,50.457504
761.277649,475.938873,56.572163,49.495899
751.777466,478.177612,54.790661,46.498222
745.110596,474.993744,58.669773,47.566021
733.795471,474.105255,55.340645,43.474251
721.745422,472.738647,56.635643,41.560619
704.238159,470.367065,58.484493,35.673012
684.939270,468.583435,55.244949,33.570625
667.232849,466.612274,50.940300,33.685669
648.519897,460.590759,50.866028,36.328571
627.011475,456.346741,51.805550,37.194485
603.242554,447.589142,49.590469,39.042545
577.625427,446.310303,49.169785,36.604492
554.035889,442.106537,50.134842,38.379276
525.202454,441.682495,51.145184,36.483540
500.442627,437.777954,56.675510,40.158684
469.565063,435.194794,58.696957,40.747433
440.406097,432.589447,57.616222,41.427761
408.662750,428.921906,60.696640,41.397156
2
0
0
0
0
1
2
0
0
