1
1101.435913,599.110413,46.987064,72.528435
1095.000000,607.400024,48.000000,68.199997
1058.691772,603.922363,48.751579,66.907776
1068.000000,608.000000,49.200001,69.599998
2
0
0
0
0
1
868.599976,598.200012,66.800003,48.400002
852.799988,575.799988,67.000000,48.599998
834.728027,569.364319,69.173767,59.304337
826.460632,561.341309,73.591728,63.124832
828.000000,561.799988,68.000000,49.599998
820.592957,560.128418,65.218849,51.500565
812.594299,558.808838,55.905590,50.024620
805.801514,563.378174,53.904491,50.111980
794.027893,559.669617,49.382927,47.676357
787.188721,547.650452,58.353756,55.828766
778.904358,546.936829,65.659721,51.640587
778.219543,549.530945,61.341698,46.826473
779.602661,553.366577,61.277187,44.070938
778.599976,554.400024,68.000000,49.400002
790.599976,564.400024,69.199997,50.400002
789.000000,581.400024,68.000000,49.599998
782.200012,563.799988,66.800003,48.599998
786.209839,533.184082,56.619976,41.793137
789.284912,522.075989,62.678379,50.191822
787.184570,507.994965,62.426865,53.122498
788.011597,493.098145,58.984558,60.512577
785.739502,484.605286,60.185150,58.812237
786.619629,483.815521,55.136642,55.274700
779.388306,479.612640,55.038574,49.910416
773.839722,478.543549,54.528530,45.080864
762.564087,478.530640,54.534729,44.419029
753.936523,481.428986,54.405796,42.587925
745.563477,478.048004,59.208439,43.441692
732.858826,474.504272,54.545334,42.601067
724.361450,474.140106,51.927864,38.438694
712.238220,470.631897,51.843723,35.539928
693.028503,467.916321,49.223618,32.992882
668.000000,462.399994,54.200001,40.400002
649.390930,461.912567,45.286259,33.911667
626.434937,454.285217,43.857773,35.885056
605.949219,451.561127,46.757759,36.086655
583.779907,446.672241,51.765034,38.730103
557.099426,445.465820,46.052498,35.523945
534.799988,438.399994,54.799999,40.799999
508.399994,434.799988,54.400002,40.599998
485.399994,431.000000,55.000000,41.000000
464.600006,436.200012,55.000000,41.000000
437.600006,433.399994,55.400002,41.400002
2
0
0
0
0
1
2
0
0
