1
1101.772949,600.365295,44.990795,71.383324
1096.800049,606.200012,46.799999,66.599998
1065.619507,606.854431,44.377869,63.341221
1069.071411,619.113342,49.537777,59.987129
2
0
0
0
0
1
872.291443,595.027893,60.203102,56.684162
852.400024,583.200012,67.800003,49.400002
834.189209,567.879700,73.226379,61.095604
829.446838,565.253784,73.341095,61.978523
824.697754,562.911316,71.056137,57.301826
817.386292,561.812622,67.514824,52.533966
810.073242,560.353333,59.478054,52.003849
802.290161,562.403320,56.838116,49.971962
795.128418,558.047180,54.879185,49.291962
787.902039,554.306824,60.083241,56.058895
784.760803,547.540405,64.990891,55.325611
777.256042,547.549622,67.165977,46.448437
777.000000,553.000000,69.000000,51.000000
785.400024,554.000000,70.800003,52.200001
809.000000,573.200012,71.000000,52.200001
786.000000,565.799988,72.000000,52.799999
781.599976,564.799988,71.800003,52.400002
786.547974,534.156860,63.110378,41.851158
788.066223,520.941223,66.745903,52.283176
786.501953,505.783295,66.312843,56.702335
788.345886,492.212463,61.591534,66.028786
786.164917,487.430298,63.721901,60.604858
783.765747,481.189789,59.971291,58.160358
778.918213,479.663818,58.111176,55.512966
770.740784,477.829437,58.674427,49.995544
759.353271,479.849365,58.017105,46.307262
750.708496,477.565643,57.622169,45.616959
743.182434,476.920685,59.919098,45.384056
727.000000,472.200012,63.200001,47.000000
724.585144,470.582275,55.931496,41.449749
707.103149,471.796509,55.259338,35.781616
682.308411,468.320404,51.868996,35.315720
663.000000,459.399994,58.599998,43.799999
645.708984,462.254425,47.728771,34.678108
624.853027,454.781158,47.022606,34.800236
605.365417,451.212311,47.103107,35.216129
578.562988,450.335754,44.395027,31.848759
552.944885,446.180206,44.384239,32.537819
526.567444,444.173218,47.734768,34.216728
498.834290,439.497498,48.968258,35.322121
469.484497,437.029785,51.854004,36.999924
457.399994,435.799988,54.799999,40.400002
435.799988,437.600006,55.799999,41.400002
2
0
0
0
0
1
2
0
0
