1
1102.228760,599.664124,45.922131,70.819740
1096.199951,609.799988,46.599998,66.199997
1062.731445,608.346069,45.226295,60.329708
1067.363403,617.844604,53.561794,60.003548
2
0
0
0
0
1
865.799988,599.799988,68.000000,49.400002
848.400024,575.400024,69.400002,50.400002
834.789795,567.264099,67.724762,58.949982
824.706787,558.996887,74.260704,62.529171
822.799988,566.799988,71.199997,51.400002
817.187744,558.233826,70.897705,54.366707
810.584412,560.466858,58.881065,51.237888
806.400024,560.799988,70.599998,51.200001
795.016968,556.258667,57.410828,49.137886
785.554993,548.496033,62.846004,58.183376
779.806091,545.655273,66.737877,56.717503
778.312683,549.289612,63.787960,48.349236
777.400024,553.200012,69.199997,50.799999
783.200012,553.799988,68.000000,49.799999
811.200012,568.799988,66.000000,48.000000
820.799988,561.799988,64.599998,47.000000
788.599976,567.799988,64.599998,46.799999
790.526917,536.981567,56.309147,39.320164
791.550354,521.769836,60.719158,50.352787
788.373047,506.185486,62.691074,56.912460
788.075500,493.270966,61.325535,65.021072
786.373352,481.243896,58.865383,58.900070
785.070435,481.669373,58.461571,59.175709
780.438660,478.252106,55.420238,52.155807
772.448059,478.678558,55.739258,48.238754
764.730896,477.680756,56.259819,47.222549
753.914551,477.855164,53.916939,45.103146
746.919495,476.814697,56.027050,45.683109
734.168640,476.367096,51.694492,41.031982
722.204712,474.346619,50.503761,37.546722
710.067017,471.186920,53.008324,35.193134
687.350891,469.162903,50.495861,32.336510
664.400024,461.399994,57.200001,42.200001
648.213013,461.117096,49.623890,35.002460
629.151123,456.839966,51.546024,35.996384
606.109558,452.658447,51.139511,35.929070
581.968018,447.413818,48.024921,35.737858
555.980164,444.919952,50.168526,36.212162
530.200012,435.799988,59.200001,43.400002
499.324738,440.315643,52.841999,37.222404
469.211731,436.830963,57.549965,39.233765
441.351257,431.441315,57.217945,40.990646
418.000000,432.799988,59.599998,43.400002
2
0
0
0
0
1
2
0
0
