1
1099.206299,602.800720,49.222221,68.845360
1094.199951,604.400024,48.200001,68.400002
1059.280273,602.693542,47.192368,68.754341
1066.322021,617.145752,53.350647,61.965008
2
0
0
0
0
1
868.599976,599.799988,67.400002,49.000000
849.799988,575.400024,67.800003,49.400002
834.490540,566.588257,67.896957,57.587456
826.942139,561.462219,73.513107,62.832039
824.599976,561.799988,69.599998,51.000000
817.139709,560.178040,68.972023,52.994431
806.200012,559.200012,69.199997,51.200001
803.874146,561.209290,56.641842,49.772518
794.092834,556.675232,59.512672,49.901176
786.021667,548.382874,59.815601,54.959976
780.021851,546.298523,65.048737,55.441158
776.907898,548.670959,63.920483,48.220833
774.979736,554.461792,67.581711,44.911484
783.599976,552.799988,70.000000,52.200001
791.799988,575.599976,68.599998,51.200001
776.599976,578.599976,67.199997,50.400002
784.148987,564.513611,57.406315,50.764545
786.678650,535.230591,58.033493,41.093357
791.233276,521.708801,61.381847,51.081310
789.401978,507.362579,61.191280,55.121742
786.794800,490.660400,62.780594,66.389648
786.905090,488.401794,62.507717,60.362053
783.759399,483.612518,60.506351,56.365822
780.033691,478.032410,56.779289,51.354374
774.728699,478.678284,56.977345,47.127167
760.360107,480.112671,57.018723,45.292263
753.007812,480.081421,57.755043,43.209568
742.858704,478.059265,59.994713,43.908115
732.326538,474.704651,60.105347,43.008415
717.799988,467.799988,64.199997,49.400002
703.312012,469.447174,59.605789,38.614136
682.379700,466.394135,57.697170,36.407131
665.374390,466.403931,53.444221,34.482979
644.384277,461.345581,54.572319,34.625042
625.396973,455.699249,50.049053,35.167133
603.027588,454.097992,55.085110,34.658043
579.856018,447.388275,55.882111,36.642296
553.830078,443.349823,55.142410,37.516178
524.728821,439.885315,53.690945,37.851219
497.383850,439.017792,57.889542,37.757168
465.135010,437.575867,57.254475,37.490204
436.518677,433.675262,57.462635,39.330799
400.419006,434.744812,61.862183,39.603321
389.200012,427.399994,61.000000,46.000000
2
0
0
0
0
1
2
0
