1
1101.028076,601.258484,45.659042,69.558632
1091.000000,609.400024,48.200001,68.800003
1064.612061,606.174133,46.675613,65.280418
1064.493530,614.350037,54.312008,64.105148
2
0
0
0
0
1
869.400024,597.400024,67.800003,49.400002
850.599976,579.200012,66.800003,48.799999
836.040161,570.154785,69.138351,58.587002
828.075562,562.755737,71.202164,59.229267
827.000000,563.599976,67.800003,49.599998
818.019165,558.541809,69.649323,55.971050
811.549805,559.988464,56.912979,51.402088
805.599976,562.599976,67.800003,49.400002
791.683411,559.775940,53.913353,49.335743
785.580505,548.359070,60.709774,54.492199
780.448853,547.703369,66.153267,52.602600
779.122131,549.523315,61.913155,47.576763
777.200012,553.200012,66.800003,48.799999
780.599976,555.000000,66.199997,48.400002
796.799988,569.000000,64.400002,47.000000
799.799988,570.000000,64.000000,46.799999
784.799988,564.000000,64.199997,47.000000
786.789856,535.970093,57.459846,38.500931
791.465393,522.091492,60.148422,49.715500
786.610168,505.408081,61.720119,53.577366
787.343445,491.510925,60.486271,61.839119
787.853638,485.123871,59.136238,60.446011
784.507690,482.018829,56.507191,53.293629
779.036743,480.450165,56.813919,48.507996
773.101868,480.555328,54.041702,42.084034
760.728149,479.595306,55.725044,42.207943
753.315735,479.038849,56.724972,41.456131
745.003906,478.837372,52.820694,41.831924
731.768066,476.573212,52.425598,40.557777
722.000000,469.000000,60.200001,43.200001
707.637634,472.290039,51.439507,32.449860
684.955688,470.699310,50.424873,30.925747
658.799988,460.000000,57.599998,41.000000
646.521179,462.778992,47.937660,31.931934
626.635010,456.319427,45.947399,33.786430
604.935120,454.474731,47.374828,32.180389
578.629456,449.601868,43.680935,32.347885
555.382019,447.145386,46.881878,32.889641
525.550781,444.665192,46.070728,32.636063
498.883118,440.296600,49.599110,34.826118
465.762421,440.021088,53.908325,35.409958
438.063843,436.121521,54.022877,36.278839
409.492859,434.326508,53.379791,35.559391
2
0
0
0
0
1
2
0
0
