1
740.468933,222.923798,78.676689,169.807327
740.091003,224.015564,80.973145,168.786179
756.979736,228.446396,80.223495,168.448944
764.391174,224.202484,80.429214,167.868271
764.614136,222.732834,79.739685,169.979950
772.400024,207.600006,82.000000,173.600006
772.000000,210.399994,82.199997,174.199997
726.200012,232.399994,82.800003,175.399994
770.200012,217.000000,83.199997,176.199997
801.799988,199.399994,83.199997,175.600006
804.611755,202.250259,85.745377,173.505890
811.600220,204.760040,85.224014,172.869400
811.540222,205.899918,85.901527,172.199738
821.752258,211.074951,86.087067,176.873032
826.102600,215.476501,88.204132,170.051620
826.629211,215.580414,87.876633,167.961044
804.599976,198.000000,81.800003,172.399994
849.200012,220.399994,82.400002,173.199997
848.400024,217.199997,83.199997,175.000000
864.563599,205.399933,85.298615,180.539413
870.466431,197.841415,81.420410,180.563446
874.271179,196.396683,80.855278,180.999176
874.038391,196.559662,81.175224,180.527451
887.036011,195.682495,79.896965,179.336197
892.049133,197.348846,81.171387,177.257553
898.049744,193.282074,82.611176,177.081543
898.231934,191.764893,82.034706,181.008713
912.508118,192.587097,78.835762,177.198990
920.514160,196.771149,77.239738,169.580826
924.925903,199.160980,78.246544,169.638504
927.578918,199.814117,75.660431,168.736511
933.693115,200.735229,79.619499,172.166733
937.945374,196.940079,80.060890,170.040619
940.042114,187.711945,79.400352,173.864243
942.256348,189.975555,79.022530,170.357849
937.799988,198.000000,85.400002,179.399994
952.000000,180.600006,84.400002,176.800003
944.969055,182.957214,86.926491,167.956284
949.106934,183.820312,83.374100,172.333878
947.412537,182.515060,84.862282,181.181793
946.328735,190.669495,84.476379,177.959244
944.230103,190.429382,86.647049,179.830429
946.530334,192.016953,86.589424,175.943146
946.599243,194.074554,87.144035,171.766403
952.798523,186.183624,84.997475,175.808243
958.201721,180.733856,80.927368,171.635544
965.694824,177.592346,78.315468,162.649551
957.599976,194.000000,79.400002,165.800003
961.200012,179.399994,78.400002,163.399994
975.797363,178.603989,72.767769,171.938324
971.909302,177.587433,81.156685,177.072861
975.826904,179.869431,82.433929,178.082367
979.977966,183.394470,80.238579,172.974121
984.250793,186.636703,81.950790,173.860382
991.701477,192.489899,80.092140,172.598892
991.674988,191.587875,82.145660,176.702911
992.995605,192.654419,81.656555,173.980347
998.280823,194.504333,81.803314,174.939194
1003.466003,193.040039,80.674187,177.576523
1003.736816,190.183655,84.867134,179.440125
1007.462769,188.540741,82.766388,179.879456
1006.592468,187.684601,85.924469,182.074875
1006.906311,192.503143,85.684898,185.648804
1005.730042,199.361267,85.815765,185.424271
1003.890930,199.633179,85.706184,185.162613
1006.507996,202.154541,85.866341,184.575241
1007.068359,205.972031,86.448242,183.073395
1004.203186,211.856308,88.658279,181.230499
999.128784,210.377258,88.183395,183.162735
993.739075,207.073029,87.703049,184.350952
992.180481,206.039749,86.402916,183.604889
983.826233,205.752655,86.401299,181.576035
972.607910,205.034668,86.010651,179.814438
961.164001,200.812210,86.262352,182.990692
949.869446,194.203491,87.730003,184.486130
940.347656,190.464386,86.023727,182.717361
927.896606,185.683731,89.538086,186.197113
917.189880,185.903625,86.514893,184.825851
904.672302,189.047394,87.027252,184.645889
886.316711,193.304657,92.230537,184.914932
868.706726,193.583954,93.000664,190.622849
849.848938,202.011292,93.811775,185.041138
831.367615,201.732620,92.663643,183.094391
808.660889,196.414108,96.178482,186.236664
776.351318,199.496826,103.847168,185.646439
757.000000,201.000000,91.000000,190.399994
720.282471,194.124054,103.889412,188.071671
695.907227,186.077927,101.611458,182.526215
671.714966,177.670746,104.767059,190.476257
652.287598,172.540771,101.700447,182.910568
633.296753,168.474655,102.633415,184.125763
615.852600,169.625534,100.488441,185.398285
598.077454,170.913055,99.993561,186.842957
577.108887,176.596039,102.180702,185.511368
564.212463,176.410461,101.134430,183.168335
549.316101,179.964233,103.197952,182.565353
533.652954,178.414215,100.870338,183.002426
518.279419,179.286316,98.343231,186.150818
507.593964,185.280060,95.728188,185.915634
500.921112,185.997437,94.561317,185.931030
492.879822,186.027222,94.486717,182.271362
473.169708,182.637985,97.683296,193.167755
456.015747,185.013641,98.182076,190.933167
447.184235,188.243179,96.729729,186.221954
436.597839,187.122711,93.777702,186.731857
428.774841,180.483276,94.596466,185.960281
412.796204,179.865479,92.525940,190.870605
404.055969,187.764572,96.029083,189.830536
393.494751,198.686981,93.797630,188.502182
385.147797,198.089233,100.156174,188.919739
377.960480,193.933792,93.140999,187.556549
366.939636,194.236038,99.585197,186.462677
360.187653,198.062103,96.406448,192.443558
353.330597,203.190613,94.198959,191.352478
344.728424,205.281494,92.099571,191.123947
343.653839,204.871017,94.139229,191.107025
322.061340,198.058426,101.074982,199.306427
310.313416,199.754822,102.651276,194.129456
305.292328,202.766479,104.044609,190.442337
302.423492,207.368011,101.583801,189.144608
295.053070,208.660278,102.184029,187.761063
292.589325,212.612457,97.529167,186.127029
288.149689,214.334305,96.603493,187.677399
284.702332,213.020996,96.404472,184.859146
281.006073,218.291840,95.462143,184.160782
275.894226,213.642151,93.406517,184.935379
271.642395,214.733063,89.704758,184.926575
268.972839,221.878784,89.886703,179.359924
268.140808,221.118790,87.067719,175.715973
266.238556,216.397034,87.910828,172.095871
263.994629,210.871735,86.674957,173.366226
264.659302,211.417175,84.444565,169.145874
266.933228,213.108002,85.191460,172.273376
271.758759,218.566681,86.402466,170.904099
274.209686,220.926331,84.990433,168.099594
281.706604,221.307556,85.099945,168.407104
292.181152,227.634766,82.149933,163.021469
298.347504,232.470642,81.573532,163.305542
305.718384,224.809875,84.642471,173.808655
316.483032,230.948608,84.024467,168.922775
322.330383,231.278900,85.135033,169.941605
325.575195,229.507904,86.892487,170.280869
329.121674,226.560364,92.400215,170.834000
338.255249,218.846863,85.144150,170.740005
338.541779,219.505447,83.525284,168.084320
340.006317,222.937485,80.429054,170.514008
336.049255,232.236221,80.256157,166.256744
330.660004,232.958282,85.578110,168.576645
329.388824,238.366409,83.845444,165.065338
329.410004,244.534546,84.701340,165.897171
326.630493,246.917206,87.784576,163.166306
325.011932,252.795868,88.259743,162.390579
329.299927,254.085022,83.136826,163.845688
329.649567,255.938599,84.551918,163.916443
336.185608,261.443359,81.706696,159.765228
335.542603,257.742798,86.205399,163.450287
336.570892,254.831909,84.827942,166.299072
339.933472,256.767944,82.585365,163.735474
339.709900,254.043884,84.411041,164.504028
340.227448,252.280762,84.066383,165.189713
342.677032,253.837692,83.275414,163.237885
346.227600,250.958923,83.194084,159.574280
351.434692,247.062332,83.337608,162.956635
357.189636,245.383575,83.733200,161.247025
361.350372,243.860291,83.597488,161.669876
365.184082,247.581955,80.796288,161.483673
370.367554,250.992401,80.408829,161.209457
375.449982,248.726685,82.249992,166.943375
378.792114,247.094360,80.827194,163.588379
383.694244,243.212463,87.505836,168.419174
391.579651,239.910889,85.301308,169.232803
393.430298,236.733429,84.040894,167.895203
397.219330,234.434464,89.631828,172.499725
402.949158,236.209351,88.984001,170.530533
411.600006,232.199997,78.800003,170.000000
413.889618,233.656555,87.995102,170.399475
420.520569,233.711548,88.125885,169.625687
424.166260,234.024887,83.801544,170.711761
430.352783,243.240845,85.147720,173.517288
433.161926,242.926605,80.522186,169.318787
437.399994,239.800003,79.400002,172.199997
439.288727,245.403427,84.210373,168.334381
445.247650,248.970367,82.211998,167.600876
446.600006,241.000000,80.599998,174.399994
450.711548,246.778687,85.615623,179.024918
459.448944,251.332977,77.618774,163.992264
462.386505,252.069626,83.108940,163.365875
462.332794,247.366608,82.038902,165.442337
462.799988,232.800003,81.800003,175.800003
466.767029,245.900085,82.170654,160.473434
473.548401,243.132996,80.254883,158.527344
476.703278,250.415588,72.568153,152.138077
479.421997,244.783936,79.570709,157.234299
482.065796,245.099091,77.493050,154.844055
486.680206,260.855408,81.273643,152.445206
491.129242,253.866196,78.410103,156.299530
497.399994,254.199997,77.000000,165.800003
500.772339,264.021423,77.885101,144.452133
504.005432,261.639801,75.917137,145.721542
509.926392,256.821808,76.329086,148.277084
