1
740.175110,222.626404,80.320572,170.455505
740.984314,223.450775,78.375694,169.466415
757.724121,227.840363,79.308372,168.832870
763.913452,222.807648,81.232643,169.782974
764.805176,224.521912,79.085876,167.495712
773.000000,204.600006,80.599998,171.000000
777.200012,203.399994,80.800003,172.000000
768.400024,228.000000,81.400002,173.399994
802.799988,199.000000,83.000000,176.600006
802.799988,201.000000,83.000000,176.399994
805.902832,201.791428,85.309196,176.956573
812.610901,205.093033,83.483414,174.315216
811.741089,204.068405,84.166252,175.248138
823.784424,211.139465,82.497498,177.889481
829.438538,218.681946,85.696266,166.571472
828.158691,218.812225,86.507332,168.314438
815.799988,195.399994,81.800003,173.199997
851.157043,212.540710,80.119621,184.192703
851.171143,211.196259,79.417007,187.057602
864.921448,205.859192,85.490166,180.718735
870.096558,197.694275,82.326263,180.568527
873.301086,195.084259,82.255417,183.940659
873.213623,194.759766,83.308914,184.182617
886.759155,194.773148,80.275047,181.745636
893.694885,198.058655,79.249779,176.283737
899.724548,190.996979,78.928780,181.168594
900.022339,192.870529,79.143059,179.529938
914.099548,194.659485,78.371628,173.714417
920.756226,196.554352,77.318298,171.226028
926.797241,199.675323,76.620125,168.619507
926.866028,200.120361,76.750397,167.681641
934.858276,202.638672,78.407234,169.927429
940.938232,198.755066,77.808899,167.731873
941.725281,189.854675,76.919235,170.612961
945.035706,193.896271,81.616936,163.740662
959.799988,211.600006,78.400002,165.800003
946.441711,184.192261,84.184280,163.708374
950.576660,183.889236,82.930328,168.001862
948.535706,184.385239,85.306267,167.672089
950.514282,187.489349,82.004166,175.193039
948.958130,190.391647,80.933060,179.718292
947.200439,192.052338,84.113899,177.749557
949.045776,193.009338,82.831482,176.407166
949.257751,195.142670,85.267982,170.733200
954.479858,188.266907,82.227921,174.354172
959.443237,181.669617,81.162712,172.129684
966.527466,181.378571,76.774895,157.805374
966.599976,173.399994,79.400002,167.600006
963.400024,170.199997,79.400002,167.600006
976.482422,183.506516,71.918480,166.443878
975.098694,182.205658,80.919258,171.794785
979.547791,183.618134,79.647858,171.147385
981.277222,183.016357,80.059387,173.022415
986.880493,189.009125,78.220512,171.789658
994.237549,194.358612,77.294205,169.305893
994.718994,194.526215,78.954590,171.969772
995.325439,193.502167,78.981667,173.000320
1001.365967,197.286469,78.173866,172.976318
1004.847168,194.694504,77.896545,175.407379
1006.783142,191.257751,81.859291,178.633972
1011.151123,192.134644,79.789345,175.776443
1010.244263,191.764114,82.207733,177.965546
1010.453796,199.466095,80.946686,175.926270
1009.317322,204.903030,81.867325,178.308258
1006.937439,206.537262,82.698151,176.761902
1009.010986,206.503265,83.735825,180.323563
1009.906860,207.813599,82.038757,182.006363
1007.153198,211.677368,84.522430,184.068558
1004.007202,214.513107,81.734924,179.009918
998.183044,209.774750,82.990555,181.110153
994.784607,207.141083,82.109978,183.362167
986.929260,208.008484,81.010353,181.051285
976.830933,206.000854,81.390961,181.323044
964.623535,204.162476,80.749069,178.327774
954.683289,199.047882,80.989578,178.880264
944.047607,193.832214,81.944641,179.710510
933.358398,190.509186,82.740311,179.210098
918.860413,188.487930,83.715614,183.555511
908.961487,192.904800,82.238335,179.047211
892.188599,194.414520,83.683426,180.969727
872.343872,195.591797,87.109123,185.373474
852.611450,205.137009,88.972717,182.953583
832.084473,205.485260,92.606247,179.643433
811.959534,201.102386,91.653610,179.364792
784.122437,199.786179,98.242836,183.618561
762.012268,204.095612,95.200241,180.555954
726.932922,199.032883,94.459511,178.860992
700.461792,187.659348,95.863449,182.485992
676.802856,176.489563,95.772522,186.800217
656.778320,173.489380,95.710281,183.403336
638.525879,171.901367,95.912598,181.073410
620.232727,172.192322,94.958961,180.060913
604.143311,173.694702,93.820679,183.592484
580.135986,174.214081,99.407722,187.202133
566.792969,178.041962,98.121841,180.633926
550.641907,180.229065,100.122719,180.533569
534.606140,178.473297,98.649956,184.618759
520.364014,181.554230,95.729263,183.774673
508.411743,184.406250,93.506851,184.371048
504.212616,189.634491,90.230270,179.318100
493.478119,188.355698,92.487877,177.618073
474.198853,187.689758,99.918488,179.186356
458.112091,188.031357,96.704102,184.450165
449.477142,189.457977,93.282631,183.978699
439.479218,186.291550,94.701248,183.842316
428.370544,180.409271,95.052689,187.134567
414.504395,179.010376,94.374733,188.562866
405.251160,188.828857,92.321404,188.009598
397.145844,195.774658,95.739120,192.352722
385.769226,201.923187,91.195869,185.891129
378.595978,195.303192,92.974716,184.855713
369.146240,193.007034,101.924866,188.125336
362.226349,193.399017,97.866554,197.120560
355.820679,202.447693,92.955963,192.586807
345.411530,200.320435,93.550026,193.503403
345.491882,198.897537,93.284538,196.993622
324.822754,193.264435,98.119125,203.208923
316.898285,189.789917,102.149788,209.861694
312.959351,198.714325,96.675720,197.753433
306.069763,205.361557,97.697472,192.620514
297.885345,206.554077,96.814072,191.642014
294.522949,212.276321,94.238983,188.691437
289.104950,210.035126,95.806664,192.477417
286.441498,210.255356,95.896912,189.974518
281.795135,214.918137,96.420616,190.369537
277.729401,214.232162,94.747231,185.690216
271.941315,213.000793,90.378952,188.963089
270.730530,220.690979,88.334991,180.771423
267.705688,221.963028,89.446121,177.003021
266.965424,217.994385,88.644997,172.370743
264.134766,210.253021,86.853378,174.797241
265.083496,208.557434,84.757935,172.737244
266.657928,213.048096,86.817955,174.768784
272.617218,221.070557,88.780411,164.389328
275.555908,217.869324,88.152565,171.289566
285.173462,217.232635,86.761688,170.672134
284.799988,203.600006,96.400002,200.399994
296.962219,228.836121,84.646347,167.793716
304.601959,226.394989,88.038589,173.819077
316.469116,232.139862,87.125366,169.363281
322.653595,230.101196,90.678688,176.624405
325.828613,219.903290,94.018158,186.664978
331.963257,221.083237,90.064484,180.862213
335.982513,208.306107,90.836555,185.793671
339.595612,214.906647,84.806175,179.191422
340.828400,218.301788,80.749252,177.607529
335.493835,225.537354,85.321609,177.941208
331.543610,227.027893,84.333389,176.457565
328.367798,232.436417,85.937538,172.183624
328.172333,242.739090,86.597908,166.960175
330.111542,246.299774,83.444588,165.815903
327.812897,251.117310,84.812912,166.344864
329.591644,253.138687,84.328690,164.663605
329.979309,254.300537,85.650139,166.650955
333.586548,257.733337,86.478119,165.868530
337.340851,255.983429,84.084160,168.068100
338.945801,252.708176,84.240845,171.719879
340.386200,256.616211,83.453758,167.757904
341.321564,253.843872,84.438248,169.592819
342.802826,250.665543,81.721382,169.130157
345.266632,249.375183,82.370613,172.066330
349.035919,248.859756,83.324440,165.709747
351.945129,244.338348,86.228600,168.918289
357.838013,240.019058,84.721161,176.034088
361.600739,239.759232,86.490158,173.599823
365.746094,242.214722,85.242874,171.972336
370.018555,247.185226,88.668137,174.180939
376.552399,243.871063,86.635361,178.032547
379.583038,240.205429,90.693596,179.588531
383.843567,244.726166,93.201698,173.324051
389.759674,236.402039,93.106094,184.090164
390.550873,236.422119,91.526306,181.423950
396.720642,231.585236,93.626663,183.240921
401.237640,233.123520,93.820396,181.716461
408.500000,234.719696,90.996643,176.662033
413.447388,232.791473,96.806938,184.420959
418.000000,225.000000,92.000000,190.199997
423.266083,231.537903,92.406395,185.392563
428.341675,245.865555,95.079361,177.968414
430.332214,252.543884,92.630165,178.925156
432.821991,247.899750,94.887680,174.584702
436.620636,246.250458,94.810730,174.346115
438.609619,253.988892,91.596748,170.978638
442.000000,247.199997,95.199997,195.199997
444.994293,271.718231,96.300560,167.358521
454.266632,270.257690,86.961548,160.260208
460.593719,269.654480,93.739120,161.647949
456.496277,265.574341,97.811119,165.558624
460.787903,261.287811,92.606842,162.730164
463.722260,267.951233,95.313942,161.674408
466.799988,255.800003,90.800003,185.600006
473.304749,275.958344,90.748184,153.647964
475.176605,274.068054,87.481606,152.729233
480.489166,276.546021,88.447914,148.324783
479.691162,279.845459,90.740364,148.838165
489.003693,275.004822,92.378105,155.072266
492.196167,283.383667,83.653923,145.144791
500.523621,288.313965,88.112091,145.449844
506.632446,287.158478,85.252289,146.139282
506.978943,286.084595,85.804916,147.947601
