1
245.369843,166.456604,109.522896,116.359161
234.485245,180.729828,113.154030,106.348793
219.936798,197.519623,108.053848,107.162865
209.299377,208.771530,116.863152,111.517365
220.168549,202.387268,107.373535,115.033089
218.104706,193.149719,109.988297,117.600983
211.384186,195.876709,116.769852,108.815819
184.800003,204.800003,117.800003,114.000000
147.733856,247.175339,116.372391,108.696617
207.399994,253.199997,117.199997,113.199997
247.923340,225.646866,107.229538,111.474815
220.883728,207.039917,124.539536,107.618660
214.256241,199.837769,117.428314,113.301193
199.062027,199.310699,130.054047,109.379807
193.972290,207.004578,108.744690,108.972099
188.285828,214.819427,121.875412,111.487564
204.628891,210.729584,109.605431,106.500992
223.688751,188.873459,107.422539,106.308716
219.181595,149.543701,107.398659,110.607826
192.556183,139.344208,121.451637,113.726273
203.294495,161.652435,106.316528,105.085762
231.452179,185.963043,109.116226,107.919785
261.222534,225.964249,111.439880,107.365875
266.710724,236.634766,119.521591,115.773186
248.107697,241.006622,132.583984,107.101509
238.773544,243.300491,118.099701,114.864532
231.583481,244.742569,122.168297,119.269867
232.093719,236.691681,112.313057,113.046257
227.298523,224.028305,108.348816,111.340057
227.546555,212.045303,107.026344,113.038902
229.042725,205.178299,116.198479,113.671791
245.660080,194.065659,108.207672,112.627434
242.677582,174.149399,107.047859,109.592247
227.403992,154.135559,109.238235,113.009109
224.006699,131.360596,110.523354,116.211052
219.064682,118.237572,129.549408,108.889633
237.669098,123.906174,125.626846,114.176544
249.420227,127.883438,115.605156,113.038025
257.125977,138.675980,108.242249,116.363853
269.714233,178.223694,108.273102,110.822395
268.112701,216.479324,114.028038,115.224327
268.480621,229.180725,119.879570,114.145889
273.295898,229.746216,114.780876,119.640633
268.622009,226.538177,120.184021,117.190491
263.434784,215.102249,112.358101,118.273781
267.454437,205.843475,108.555130,118.598076
269.750488,199.345551,105.803604,110.692123
274.923920,164.020844,104.196220,110.560791
271.844360,157.701141,109.574722,115.356369
275.838806,171.363647,104.945023,116.134903
265.106903,176.400894,117.984360,113.752739
265.785492,172.232391,112.358223,117.864059
270.098236,172.965881,111.960823,119.028786
273.293030,178.773911,117.678627,114.483589
284.745605,190.671951,105.868134,112.350189
277.759705,201.860199,120.011154,114.430466
248.405365,208.490616,134.458862,106.588356
214.182678,207.483765,138.668900,106.099930
197.904999,204.657883,120.706467,114.620384
198.744431,206.254044,128.358307,105.573334
219.313965,205.106293,140.324020,108.036621
255.008240,209.341949,143.045898,104.462822
294.342438,207.417816,135.581497,107.889114
328.966064,211.019760,120.085945,119.090118
322.526184,215.135956,128.789276,113.590286
314.782959,205.956390,112.791435,111.422531
290.287415,185.874908,117.565186,110.860260
256.505463,162.454727,124.609612,115.536217
240.802155,153.121780,117.672173,116.225922
241.746124,167.232468,110.708855,115.098328
250.813583,181.641205,113.236595,117.498337
255.682922,192.686981,110.992874,119.669769
263.844238,205.100540,130.229248,117.997093
289.100739,217.682800,130.629944,116.733353
308.520447,227.409088,111.025871,116.934814
305.112701,236.580780,114.729042,114.539658
289.961060,243.154739,123.635475,115.937965
277.124359,241.144318,129.569748,117.406136
247.547165,232.316376,133.035675,113.331367
216.383209,224.319611,137.972946,110.071335
208.507874,223.205460,118.540146,116.759560
207.699738,228.744431,118.589111,117.239220
218.605438,226.777039,114.010941,111.672615
244.842728,206.377411,103.380714,105.173882
258.821838,183.842972,104.609421,108.192619
269.147125,153.932373,106.315041,105.678574
285.115051,139.309738,139.764069,106.929291
313.764893,140.419739,125.093132,112.293045
330.402039,150.436584,107.635231,118.230232
330.504761,165.256760,106.284393,114.359711
308.756073,176.927155,117.884415,110.173927
290.695526,190.560669,114.870041,108.521667
271.922455,209.351151,105.076363,102.381691
246.772598,223.476425,116.091766,109.884926
230.923828,222.384644,124.032036,112.390610
223.306152,212.726974,109.831970,110.615204
204.146942,198.339996,126.211243,119.221863
202.720459,197.336685,115.387436,117.723724
213.628311,193.171112,111.283119,107.442734
233.355896,174.160629,109.714111,109.595695
236.722717,162.045105,131.078125,112.950859
257.107117,166.507172,121.942123,115.680443
280.052612,188.494370,108.052155,109.061249
298.682739,215.005981,116.024841,110.541916
304.373291,218.893829,115.705078,113.013474
297.152740,204.891830,109.738136,107.292641
242.381256,189.586426,137.710831,104.493584
204.117294,194.802170,123.820892,101.187202
180.304199,208.602249,108.545753,109.146461
167.671448,225.670349,107.604752,115.977837
161.989655,232.046219,117.245415,113.180626
182.829437,219.267105,104.027618,106.105675
206.734238,190.259232,104.875221,104.654442
219.638123,169.859787,121.810173,110.751564
237.241577,170.044937,104.118118,115.174706
235.015854,191.570786,106.203590,111.504250
224.387482,199.552475,117.513741,118.359711
225.240723,196.237808,109.872742,121.912560
226.921860,188.071671,123.142189,118.678368
238.802185,190.199661,116.606926,118.495148
241.907990,202.758179,108.800041,113.528870
219.464706,215.029465,121.002342,114.877342
206.460938,219.490997,121.945305,110.044800
207.651947,204.403931,107.355362,115.102585
202.480652,186.391495,112.163742,120.619011
196.498535,183.709274,112.966858,119.412231
201.736832,202.722534,108.283424,113.624702
212.047852,232.677414,107.212761,108.877647
209.559052,246.997772,110.775032,115.273193
203.312546,243.106934,110.465492,120.148323
206.442734,228.560883,107.304482,107.859695
207.590179,200.165237,108.131104,114.633583
190.022400,177.802383,120.719803,117.895111
165.182739,169.400970,130.641296,108.713753
165.850220,177.618835,108.697250,120.110275
167.951401,191.225830,123.043121,116.443451
174.329376,195.182999,134.434097,118.202599
190.713989,198.001236,139.196060,109.594757
218.742920,205.151917,129.942062,114.797470
242.955200,219.012436,122.360832,113.469398
268.249725,233.415939,128.864395,114.000038
290.383514,236.787125,126.682930,115.106712
277.067932,234.988907,133.013214,113.484886
231.630127,222.428070,144.027847,108.976791
186.370087,214.190399,147.165237,108.375237
154.412109,211.754913,143.667892,110.378189
125.627586,218.774384,138.678726,108.221870
101.683640,218.723450,130.602234,110.857109
115.916824,210.683228,121.029938,107.579529
158.337921,195.690186,140.629074,108.603371
205.749939,188.172424,133.137939,109.358841
225.948730,181.076813,117.059677,116.195549
226.354797,182.885071,117.346794,118.783211
235.338425,196.689880,112.941444,110.908142
245.382568,207.248535,106.640610,112.738205
219.169342,212.221085,139.292053,108.873268
184.639404,215.550095,141.843964,105.835785
165.386169,217.574799,125.885391,111.764420
168.175629,221.600647,130.711578,104.584167
203.413605,215.110840,134.460632,102.613937
249.976868,209.129547,137.782120,105.314880
273.112366,208.358398,120.848083,116.335526
260.134583,210.897675,131.208145,113.463028
257.755157,199.654388,113.976173,113.309456
246.627136,191.070389,125.640564,115.793121
248.525177,185.473343,111.284981,116.198601
244.584564,182.569611,129.921387,110.078568
262.407776,186.621552,124.930305,116.005585
273.019592,194.129227,115.895538,118.125214
252.891571,199.592041,138.652100,109.750343
232.448792,204.856049,124.411911,108.989731
210.514648,226.133331,111.671326,110.370667
181.818466,234.653885,124.937721,118.724518
170.450073,242.560104,125.319046,113.486671
171.691132,239.175354,129.993637,115.791870
195.213943,231.990906,133.793732,111.739388
201.771790,229.144775,129.818253,116.456978
181.234741,228.711700,136.040039,111.431961
166.644806,219.796234,132.099197,119.591682
169.360840,214.312469,117.972130,117.107231
179.300507,210.882080,145.159576,107.827507
228.520844,206.653000,136.135437,108.592262
273.181335,193.304657,124.359184,112.503799
265.045349,189.848511,137.316895,112.886848
229.329926,185.016556,145.525375,112.206055
200.301178,177.142029,137.453018,115.115952
185.759369,173.094086,136.229813,115.358246
170.467804,175.797699,132.236435,112.879318
161.279678,179.573868,124.897743,117.486824
161.610840,183.538879,135.169632,112.286453
193.148834,186.243011,148.354736,106.801041
248.403809,190.088928,150.044495,107.460091
284.749542,184.183777,128.759155,119.554016
280.742126,184.125305,133.106232,114.639786
262.820587,185.574310,137.512314,113.080208
242.164948,192.436310,135.394302,112.792503
226.271454,200.145370,124.268814,115.618568
195.382599,208.391953,141.707230,110.889748
162.760559,194.243805,132.345322,121.215767
132.779510,179.778976,135.113693,118.942787
133.037659,178.003265,128.679840,115.533615
145.803528,180.617432,142.053696,111.767113
172.730194,184.384460,136.612198,115.700851
188.714554,188.946899,123.790283,115.454140
192.353836,178.579605,110.665108,121.717216
194.405045,172.348389,115.460327,117.362541
198.074402,163.361969,128.084595,115.993660
209.721588,164.662140,121.562492,118.624130
218.542358,169.607330,111.081345,125.926193
207.528275,184.222733,116.677773,116.147789
206.746948,199.471603,104.670609,116.873383
216.719360,227.201462,115.689682,113.377785
223.138336,239.806580,112.634224,121.161316
201.129608,245.990387,134.929398,111.364914
189.926620,236.358505,116.008385,115.741371
189.570190,211.878204,107.135033,112.121826
187.065002,169.605591,107.263802,118.443596
182.930206,150.333252,126.205116,115.266632
198.665512,155.875092,125.580589,111.459595
215.332703,168.641907,118.678329,116.016273
231.744324,178.996674,128.855667,115.296066
239.434540,178.996704,120.339119,116.098831
225.943207,180.366547,128.898697,111.398308
206.096558,190.131714,122.814636,105.800728
186.784241,196.675079,120.698219,114.365852
186.348190,205.736969,111.819244,117.498703
187.738739,212.307175,114.624588,111.055199
188.373749,203.110611,112.148209,114.785614
189.926971,186.494705,108.027870,111.754799
193.522171,159.236389,122.589699,112.445351
218.806732,158.493546,142.173904,104.726746
263.074341,162.097885,134.574585,111.972900
294.630951,189.623032,112.189590,111.060555
303.325806,203.601273,106.717758,115.446686
295.809448,210.738083,111.487885,119.097565
291.299286,219.328949,121.851822,108.509468
299.896790,213.050690,111.834320,115.557617
282.721008,217.802505,125.132843,110.580238
253.739075,224.430756,137.307938,101.800461
231.574753,221.708481,126.588844,111.503822
234.138702,232.132263,108.024536,112.331657
210.768463,235.780930,131.502884,111.121002
211.410492,225.794067,108.214165,114.408035
211.156738,211.673767,108.043869,113.516922
214.626144,200.672028,112.547699,116.314453
214.223434,199.479935,126.440826,106.222450
226.154404,199.037354,133.649811,105.131706
254.339905,189.778915,109.166626,105.912628
261.449158,178.005432,105.127533,110.596420
257.362091,164.179901,119.242805,109.312820
276.735260,182.897385,108.045425,107.231323
290.047882,218.811996,103.067329,106.423309
283.278564,246.817383,106.112823,105.742805
257.736908,252.937698,123.969254,107.905304
257.491333,234.378036,104.810730,108.044701
257.820435,188.689545,103.161964,109.141479
246.183670,161.250702,106.516930,113.390610
230.184967,151.065994,125.654953,113.498878
221.268356,158.655075,121.991600,108.758263
203.724792,164.053146,118.221558,113.387779
209.747986,164.432159,126.393478,105.844009
242.394943,156.494141,120.243248,106.219467
264.860504,142.200714,114.171837,105.855995
274.142029,136.789963,120.155731,111.785896
281.018616,152.001450,108.096954,111.796227
258.892517,172.173996,117.112885,107.935127
236.633240,180.975784,122.638748,108.944786
233.554199,183.579193,113.859421,110.407051
235.499771,180.312561,121.263206,111.624672
246.782822,182.212784,112.815033,113.929558
236.306412,196.489960,116.697044,105.156013
202.562881,206.188416,125.228363,104.977592
198.055191,206.371124,116.100433,110.529739
213.563461,198.907867,110.575584,105.417068
226.042984,185.314224,114.424408,106.217346
234.368225,178.430206,120.876640,113.369278
243.612091,185.200226,107.567490,116.739792
239.442474,191.721313,108.807449,119.130585
234.708420,199.374237,116.329071,110.879166
226.001846,206.455002,116.857704,104.795082
214.070419,217.847305,108.296906,104.511864
209.069077,228.496674,110.634987,111.662003
211.760284,232.940338,121.577103,109.844604
221.306427,226.018509,110.530411,114.104820
210.106216,222.223709,122.066628,109.027321
211.337677,217.921021,113.077042,112.698723
223.421204,212.034775,112.530716,104.467621
253.121765,187.887558,108.479477,103.930748
276.775055,161.863632,107.128181,107.918968
279.417786,156.784546,107.870270,109.141891
284.188934,169.670624,103.632957,108.126274
279.274017,197.182220,104.254692,106.439590
273.689331,213.112091,104.815514,110.233223
254.965210,224.962479,122.203194,104.941383
232.459259,223.602692,132.026535,102.225410
216.460037,225.096619,112.680573,103.178635
215.443054,232.335831,112.446594,113.403786
220.293945,242.837524,124.362495,108.745422
238.646118,237.875748,106.073723,110.182648
244.156555,227.700592,100.845840,104.507133
240.693375,205.738037,107.752586,109.315262
246.487091,206.161301,135.845993,105.747887
274.923706,209.280518,138.138809,104.601974
301.985840,203.606995,108.197525,115.258484
288.601501,200.238647,122.345978,110.669998
275.761902,198.005600,123.097572,104.094933
274.288330,206.063980,104.595474,110.208344
269.770355,223.913239,103.870255,107.541618
255.211899,234.222656,112.232147,108.281723
250.577133,236.232361,113.312660,108.600159
260.451050,231.628998,113.363281,108.756218
269.147308,221.695328,104.200867,113.224762
259.422485,214.798187,114.385765,109.907669
259.289276,207.423691,104.424789,110.079796
257.979828,200.728394,102.868088,109.860542
256.527710,202.247009,115.957222,103.660759
270.864838,193.845398,102.322075,108.316261
269.701355,187.774780,105.289230,105.575241
270.824890,194.686539,108.138290,109.990456
280.291107,211.175812,106.630241,105.044601
285.467743,221.135178,111.238907,107.415802
288.715881,228.069809,109.140717,100.329674
268.486694,228.866135,123.765533,95.793365
241.264008,235.239166,123.437668,95.022888
221.229263,232.335632,120.644989,104.271782
215.982330,222.968979,105.408997,104.132118
211.643478,196.502533,95.837616,96.299911
206.567047,169.365692,100.449898,105.270134
205.638382,161.911484,119.540367,104.300499
222.138168,168.789459,112.785431,108.185089
236.917465,178.251831,115.566917,104.771774
242.330093,182.159470,115.243324,100.192787
249.429474,186.415985,114.489151,105.242264
270.385681,204.848938,103.525414,102.142944
288.424072,227.644699,99.956825,100.228851
295.000183,245.235687,101.808754,104.584732
289.088684,246.516632,105.597580,101.179703
283.153473,217.896149,99.191460,98.597778
263.665955,198.128281,115.134720,105.002441
240.944397,193.590866,121.450188,95.701591
223.769836,198.914932,106.367058,99.105156
225.048615,220.511398,97.873726,99.374855
222.027481,227.301880,117.689369,100.899361
240.074921,229.142914,114.761833,93.764465
260.474609,225.403107,116.167992,98.521416
278.209412,232.528442,100.484673,100.454773
279.186371,238.930725,100.078018,104.805405
277.219666,251.976593,97.486420,103.241028
270.108215,255.623230,104.714851,106.748093
274.501404,251.539642,99.133392,105.361649
275.730347,246.893250,98.397438,105.709419
280.690643,239.986450,93.739769,100.976814
276.721497,229.737366,102.330193,102.338799
269.876862,232.161942,107.322151,99.615204
262.632751,237.893311,102.293182,98.346481
253.848923,240.029510,103.881142,98.214973
260.790741,233.100388,90.137497,93.117645
259.028442,219.995804,93.295280,96.306915
246.388489,215.372131,109.970467,98.994034
248.075470,217.555786,97.233879,101.714432
247.271408,223.120300,109.775726,100.515572
259.538452,228.161438,112.803635,96.132645
283.070709,219.762177,99.727684,95.683212
294.722870,204.171661,96.206100,97.671875
295.724854,191.935410,99.489494,102.534081
286.993591,188.504456,104.669159,100.302505
287.904755,196.819107,95.597702,100.036324
281.181183,205.233780,99.062515,100.503967
255.561279,209.768707,119.153458,92.487350
237.904694,202.351898,105.424873,98.673370
222.477066,191.358978,103.895599,99.390762
226.537384,193.651520,95.174873,104.199455
234.059982,215.480255,94.986107,94.063736
256.164856,261.647400,93.193634,91.201019
271.783447,279.194183,113.067741,91.376579
303.377899,266.574188,97.957458,93.246460
319.502197,238.544830,95.853325,99.321404
314.216858,228.917816,103.146248,98.297531
287.871582,221.244415,121.263298,95.744034
273.808044,229.351288,105.102135,95.973083
238.802917,238.449890,121.251389,90.573654
218.486511,232.493896,112.239494,102.265564
230.855942,236.318954,129.586884,90.460182
275.915222,236.297165,126.637596,90.817299
306.587799,231.859406,114.389572,93.465645
326.071106,225.811584,107.549309,96.788437
335.107452,227.293488,107.882874,99.155037
343.409729,237.480896,105.976974,97.429337
349.958405,231.835144,98.218971,105.225113
349.127319,227.113602,102.778656,99.998573
337.452667,229.626862,104.350899,95.748291
320.945770,244.316071,97.299255,93.855652
293.280518,259.132812,109.704765,97.202324
298.260681,251.897034,93.587372,97.898552
305.077911,239.643112,101.035515,99.214806
310.418365,239.446365,112.257545,96.855919
330.185425,248.217072,100.602501,95.840027
341.563354,260.950989,108.353104,90.725891
363.708496,247.218643,92.158661,95.294212
342.168976,218.794327,95.160034,94.418373
309.987091,183.509949,96.622765,95.311165
281.894928,160.082489,111.529305,99.772659
288.609619,169.829208,90.597137,94.484169
287.050781,190.557632,90.448654,93.729614
274.135529,209.820450,94.996140,93.827553
248.643799,227.397003,103.088699,97.825485
222.166122,236.814453,112.012856,93.748787
212.512985,237.439804,110.075783,103.025917
214.389191,241.138077,110.709045,100.605629
222.099380,245.018417,115.972206,90.782501
247.521667,236.323853,98.315422,95.485489
255.822098,208.640396,93.931190,92.638313
239.921143,176.971832,100.056717,100.326736
231.781738,167.712250,101.875183,101.363304
226.399933,177.306046,100.071091,97.197212
210.287842,191.720673,99.649521,95.511780
192.815430,201.107224,101.907539,97.167816
183.506454,203.968048,105.861206,100.307419
184.861923,207.339752,97.690979,104.490654
182.507050,225.402863,92.733482,96.792282
174.788727,229.447937,115.940903,101.243774
196.298843,233.983688,120.875519,90.776695
235.031036,229.030807,115.506897,90.618256
267.443817,219.930954,107.410995,93.154999
284.133484,215.581329,119.209526,94.294205
309.185303,219.665131,100.541908,100.536064
313.411285,236.282898,92.700516,92.570816
277.015564,248.002579,116.426506,88.060448
241.367310,230.651337,98.133171,94.879471
202.864471,213.691223,114.335434,97.325500
178.776276,215.285156,112.661446,94.638870
176.134171,224.641495,102.120598,95.874474
197.631836,229.666412,123.699875,92.114319
231.428925,217.835602,96.069412,93.021317
244.878433,198.294571,100.208466,94.375397
251.221222,192.645615,118.807999,92.001518
277.247864,198.694595,123.344452,92.327263
312.989990,202.585526,118.075111,97.000755
327.765472,203.316879,105.583603,99.555946
318.620117,202.494293,117.780945,97.935959
293.745819,193.434509,115.846977,98.409348
263.547424,179.974213,98.575348,95.011856
240.545410,154.231613,91.932434,99.150673
239.861725,146.103973,114.798538,94.479599
274.352600,140.125595,110.603859,91.684303
295.966034,127.996887,96.751244,96.593170
299.081238,114.947472,101.464325,102.179031
308.261780,125.598312,89.473152,95.768791
308.697510,158.743408,89.882652,92.321304
311.244781,199.577133,89.900536,91.766975
309.940643,220.543442,91.015244,99.917564
305.936096,225.856888,95.953415,100.288673
305.387482,215.138321,92.947487,93.382042
293.516083,198.629761,99.402184,100.649513
292.769379,191.543213,93.817215,95.273994
289.595612,174.900604,97.609390,95.162384
293.159332,140.801926,91.763382,95.076088
295.362701,98.260727,92.011009,92.413002
297.397949,75.923904,112.245758,96.427956
325.967560,101.797272,95.187988,92.878334
338.370178,137.412537,90.723557,93.741051
323.387360,169.253784,96.883965,93.328102
301.886139,181.448120,95.549889,96.063644
290.739258,202.851456,92.873726,93.342278
281.332855,216.735641,94.803123,94.877220
269.525665,224.948074,101.063530,94.332611
264.620361,228.473785,98.780785,103.893547
265.397797,234.530151,111.235237,95.762688
277.754211,232.293732,100.431572,93.901077
289.593231,219.460327,93.307762,94.998947
294.751343,210.469803,93.720367,92.592804
304.871643,195.063644,96.589569,94.422760
309.708557,190.010391,104.218040,92.973885
313.989075,189.731384,110.928978,98.083664
329.713501,200.051285,95.257812,94.143005
336.717316,216.300278,88.955452,92.505333
320.321808,236.419510,90.010025,87.291542
292.770020,256.239197,100.140747,89.665672
266.743042,265.459351,111.823952,88.503922
259.412537,260.062347,103.506477,97.069084
255.081863,255.711426,104.695641,96.253670
249.450546,239.523193,87.713951,86.485825
243.254532,194.466553,88.856529,93.272682
257.230865,179.716766,107.426682,90.437843
272.544922,175.730927,113.536263,90.872734
292.194855,177.782150,102.360481,96.787903
309.427124,192.479584,98.473419,97.063179
326.502808,210.327835,98.698929,97.124474
345.109406,230.567795,91.693718,93.985374
351.207001,254.899353,92.455605,96.973808
336.323730,262.197968,107.362457,94.903175
317.338593,265.518341,117.011307,86.964951
285.050323,269.630219,119.732414,85.694763
246.381790,274.353424,122.919037,85.840324
213.322006,267.917419,110.444786,91.911011
218.069107,251.732117,90.120567,91.723015
226.648880,226.618469,90.513222,93.191170
226.320129,197.482239,89.793991,96.846420
231.914169,187.320557,106.587555,90.170921
254.397369,184.671967,120.144089,88.404861
283.989685,186.553360,122.193550,89.286629
304.151886,183.757446,110.250793,98.193901
317.382782,188.796005,94.414612,99.690369
324.761719,202.404358,90.196136,97.747849
330.682922,215.877289,90.525398,98.290054
308.132355,231.177750,106.913887,91.219269
267.425781,234.907379,129.940475,92.794312
226.229828,235.076889,123.440010,86.053200
186.494110,234.091476,123.227768,89.354454
177.122375,227.240387,101.428909,97.202377
184.240540,229.627869,123.254181,94.977966
220.446136,232.791901,119.489426,87.683029
247.485184,224.078735,100.713654,101.575813
251.053955,222.835236,103.549850,98.795242
271.456360,226.210739,122.982513,86.773338
340.781738,218.310791,116.829628,92.322220
368.117676,205.450470,94.330719,102.120361
334.520294,202.763092,121.306641,85.813805
288.964600,204.391785,119.422081,90.006401
218.749237,215.833389,121.423477,92.088097
158.072754,212.165009,117.058044,95.490898
160.194763,207.655518,98.777145,94.656662
188.963577,188.941544,98.123680,90.984009
218.899017,161.004547,93.053474,96.645218
215.735397,154.813446,99.736977,99.896744
220.141357,163.725708,99.804253,103.796440
236.948380,198.136108,93.240204,95.843513
239.681793,230.898285,91.961311,92.897156
238.488235,245.648743,89.648521,94.816483
237.013199,261.074890,98.193214,93.934357
244.550659,262.015930,103.211235,101.744392
231.730667,253.938354,108.365639,99.699295
214.954956,250.127808,103.131401,98.159622
222.879883,271.120483,97.727829,94.541878
245.729309,284.037964,111.790939,93.716652
270.353729,281.960022,101.115463,98.209213
274.289825,271.040955,93.364517,95.948494
279.333191,244.647903,91.595169,94.201080
287.360046,209.030304,89.392807,92.124802
274.854492,159.136124,94.711273,99.392052
243.224091,149.265747,112.948196,96.021446
238.036224,158.572540,93.626595,93.792114
235.062592,179.090988,90.459274,96.609070
232.978622,217.437515,88.025978,91.586578
228.176529,246.416168,94.998627,92.403061
225.585739,250.973785,113.148773,100.468369
242.537064,246.893509,97.509186,94.378502
247.894775,232.084885,92.765999,100.337982
241.512711,219.603271,103.734962,107.405220
249.871811,221.139755,113.816872,91.329750
279.469421,215.535843,98.622337,92.109657
278.967804,200.831985,101.374565,97.034874
270.936768,185.731049,94.992378,98.957077
272.893097,178.939545,104.446472,93.598999
289.612946,176.961426,105.480026,98.510574
300.671661,197.761978,92.323997,92.482300
279.691498,236.399200,95.982323,92.457932
274.030914,252.694336,90.384087,93.799149
275.047516,260.730225,113.842201,95.188988
288.989655,254.058441,94.898354,93.570381
272.400696,239.554291,104.078308,99.246719
266.471527,232.840363,101.106583,100.005928
266.311340,235.359100,107.111588,96.427963
270.256439,233.018875,100.512245,95.535065
263.150757,226.064484,101.196098,95.669548
251.828430,216.280151,108.571709,97.968330
252.872101,213.441650,98.804092,104.010681
242.353119,224.084625,106.594414,94.663406
229.790314,227.346985,113.106270,91.812729
232.995132,221.806915,104.140785,95.011734
250.857376,217.952087,124.991241,89.207771
281.502777,220.366791,102.807304,97.971794
271.184875,229.348755,106.977921,89.994888
248.295776,235.843109,112.565384,95.251099
248.065063,235.546951,105.760567,96.733360
262.991730,226.303391,94.652534,92.711876
266.887329,210.793488,95.542145,100.744881
263.529083,208.136093,101.771843,99.855316
266.278473,213.744202,109.201920,99.219421
272.963348,219.100998,110.751457,96.546715
269.821991,220.551651,114.901314,95.148277
267.570618,218.607605,101.695511,96.646065
266.664703,213.625702,103.119423,96.489616
271.034393,216.719055,100.174759,98.566055
277.729370,227.251053,92.351898,94.833160
267.034821,241.470795,96.526665,92.761307
259.922913,245.573532,102.328896,96.715118
274.720154,237.003143,95.207565,88.745430
285.921204,220.471436,91.973961,92.537354
277.215759,215.846298,107.281670,96.008942
274.824951,228.353699,93.591270,89.850037
262.169373,235.516663,102.747116,94.603592
268.751587,231.374603,90.536041,92.182297
273.225830,213.715485,89.318237,90.949211
267.746704,199.606049,107.908905,100.301529
279.130859,212.439117,90.479431,91.410660
278.824921,225.009521,90.292862,92.419182
263.671082,231.633820,106.313141,94.857849
260.882263,234.593414,100.418236,97.768051
265.761841,228.830536,97.749893,98.037346
265.818329,226.209305,101.302742,96.326385
257.600647,226.720917,102.243515,95.511734
255.045883,238.513077,90.293312,93.861794
248.497589,244.686737,96.933586,101.063660
252.373245,242.555725,92.575226,99.342720
255.927734,236.200577,89.916023,97.582603
247.535736,230.216019,101.945236,100.551720
249.439377,244.227081,92.865639,94.308662
252.419800,249.512329,92.072128,96.965988
249.814331,256.347778,100.225410,99.051208
250.030304,259.406677,99.784714,97.445831
250.717392,257.317871,96.704018,99.906219
245.530594,252.641678,102.779686,99.996239
235.790039,246.860840,106.653633,99.078255
240.571136,237.396545,95.513908,100.827866
245.583832,230.989212,91.537659,94.246613
240.772369,216.982559,97.037956,97.598969
237.725464,217.265564,100.232475,97.353210
237.572632,220.469742,107.030693,94.927521
247.090576,216.022980,96.193054,98.749466
252.040253,207.137238,93.234360,98.100822
249.736633,204.589645,102.246574,98.873444
258.650696,217.557205,90.774139,92.426003
258.792511,230.297775,90.809448,93.198875
254.557465,238.517807,98.530472,99.650856
252.215134,235.599838,99.759010,98.621971
255.482788,227.832169,95.424492,95.141014
261.953522,220.336395,104.018959,95.812912
267.972046,223.684830,92.393372,97.244606
262.654449,232.752960,97.297661,91.383347
249.033752,235.863159,108.395264,94.361862
252.707336,234.340912,93.693130,94.968452
255.866898,225.549255,93.388206,96.454773
248.964828,221.269562,104.532387,95.497635
245.164185,235.569382,92.104729,90.772919
236.690567,246.041122,97.151894,97.942421
231.849121,251.459229,110.133987,95.004333
243.665161,249.185150,113.349838,90.188652
271.916931,241.125732,97.377945,87.382698
276.411255,227.799866,103.900490,93.694443
259.348541,235.348785,101.716873,88.770927
245.280655,244.197845,97.583771,95.106277
255.347321,255.388077,119.398087,88.117645
284.512634,245.221146,96.307709,95.847870
273.985352,233.361084,104.813751,92.734146
245.385559,226.197540,118.945671,90.290634
235.425201,225.267029,106.167969,96.091194
234.849609,228.404846,98.272903,96.519516
236.418381,225.927307,104.008705,97.782097
234.788208,224.029694,107.872253,97.048660
228.576172,223.855835,109.214912,96.665970
231.027313,225.329239,104.400101,96.914085
238.977417,230.330963,99.774918,98.362961
243.059616,240.331207,94.247841,99.238937
243.990448,250.029526,125.044304,92.941139
294.326874,252.202927,115.856552,87.193695
309.614746,243.170670,110.458015,93.376854
278.055817,242.829071,119.734756,90.667343
239.885818,255.685471,105.606468,89.825783
219.081146,263.398651,98.398819,99.089676
214.079681,270.238129,122.068359,92.613808
244.461304,263.413910,111.120049,91.395302
253.136841,252.788208,107.572876,99.333237
233.325043,254.421295,121.279236,96.912643
217.584869,258.651031,118.040459,95.908371
214.226883,257.013855,104.652748,101.380219
214.551910,260.401764,120.984802,97.053032
233.046188,262.258881,113.638161,96.952515
247.566528,255.750137,93.838448,101.211090
243.218781,245.497208,102.458000,103.952911
231.122375,247.887604,110.583206,96.417068
239.059708,241.409180,96.190399,96.733231
248.618942,233.649811,95.874908,94.600883
251.192352,225.261108,95.689140,99.916519
245.195862,218.518677,100.236252,106.150688
250.995819,217.012558,90.024361,96.519981
246.011337,211.835724,105.867462,96.509811
257.805267,224.852783,92.057251,93.486923
253.852814,254.533508,87.050781,87.188766
238.838196,284.868866,89.461189,90.081383
237.736923,285.913574,86.612701,89.015366
246.100739,266.867889,87.714676,87.087692
257.035461,245.915298,85.594086,82.767662
260.541595,229.868027,88.587959,87.012367
268.148438,212.870697,86.441711,86.375320
257.374542,199.337906,91.644913,86.077980
255.106216,182.679810,85.430573,86.983322
259.467529,169.834778,85.145531,84.200424
254.165131,158.237503,100.589546,94.353638
267.265472,169.150070,91.328896,85.339325
276.611877,189.522934,84.569397,80.934845
280.757660,215.466263,87.605888,86.763939
282.045074,240.801849,90.817696,85.865669
286.092346,241.445847,86.552925,82.253021
281.062500,216.572617,86.392548,83.786156
277.540161,197.269653,92.379005,91.415749
285.515625,197.210342,109.360291,87.221344
312.599426,205.386902,94.468277,87.493454
320.208527,215.426407,91.868286,90.087318
304.984680,220.128525,100.822777,84.724754
291.887512,219.898224,100.717270,94.872673
297.122681,226.955734,90.623207,88.880646
306.297638,254.011993,83.016602,80.050308
312.961182,273.952057,89.564461,83.992577
314.381287,274.989532,99.022461,97.546036
309.027893,271.125336,89.696953,84.741035
303.426239,256.251648,82.022911,79.554832
298.488770,232.784210,82.828377,81.955750
293.331268,206.530273,86.424484,87.543839
289.930511,198.064575,90.686012,97.045586
293.883881,213.033371,83.194839,84.671776
293.298096,219.065582,99.911224,90.817688
306.402588,225.795914,99.270103,95.067162
310.141693,228.480469,94.062935,99.817368
308.167603,238.136383,90.225380,87.568314
299.173218,244.856216,94.316895,91.776344
296.688965,245.690186,90.093452,95.246208
298.943787,239.212006,85.239716,88.617249
303.247528,230.363007,81.717125,82.887192
298.593597,210.824036,86.178421,91.293083
300.952026,199.512650,87.740585,97.443123
299.787842,194.717606,90.452576,94.842247
296.613403,195.271866,101.936676,96.327065
310.042786,205.055542,93.086830,87.613449
327.951599,218.190552,92.281776,88.959908
339.047791,240.630997,84.111595,85.917198
309.378601,253.354065,100.617401,82.365723
277.919769,255.454773,105.205528,83.100273
259.787262,246.623840,103.783058,89.460144
244.413208,240.123367,91.551086,87.334015
239.477676,224.094238,89.832848,90.661621
237.088882,190.310928,84.119347,83.392067
243.553589,178.311874,103.098335,84.405632
268.949768,182.655624,91.585732,86.801613
282.246429,198.797791,83.784111,84.223076
284.768188,204.268417,84.606514,93.871971
281.622925,209.865387,99.749329,89.554207
286.215515,213.656189,100.948883,89.385918
295.978516,213.111542,88.566322,86.313217
298.723053,215.511047,84.603828,92.381401
296.143250,218.378281,89.583549,85.392242
