1.4063,1.4059,1.3959,1.3995,1.3901,1.4,1.3888,1.397,1.3988,1.4057,1.3925,1.4013,1.3879,1.4016,1.3921
1.4063,1.4059,1.3959,1.3995,1.3901,1.4,1.3888,1.397,1.3988,1.4057,1.3925,1.4013,1.3879,1.4016,1.3921
1.4063,1.4059,1.3959,1.3995,1.3901,1.4,1.3888,1.397,1.3988,1.4057,1.3925,1.4013,1.3879,1.4016,1.3921
1.4063,1.4059,1.3959,1.3995,1.3901,1.4,1.3888,1.397,1.3988,1.4057,1.3925,1.4013,1.3879,1.4016,1.3921
1.4063,1.4059,1.3959,1.3995,1.3901,1.4,1.3888,1.397,1.3988,1.4057,1.3925,1.4013,1.3879,1.4016,1.3921
1.4063,1.4059,1.3959,1.3995,1.3901,1.4,1.3888,1.397,1.3988,1.4057,1.3925,1.4013,1.3879,1.4016,1.3921
1.4063,1.4059,1.3959,1.3995,1.3901,1.4,1.3888,1.397,1.3988,1.4057,1.3925,1.4013,1.3879,1.4016,1.3921
1.4063,1.4059,1.3959,1.3995,1.3901,1.4,1.3888,1.397,1.3988,1.4057,1.3925,1.4013,1.3879,1.4016,1.3921
1.4063,1.4059,1.3959,1.3995,1.3901,1.4,1.3888,1.397,1.3988,1.4057,1.3925,1.4013,1.3879,1.4016,1.3921
1.4063,1.4059,1.3959,1.3995,1.3901,1.4,1.3888,1.397,1.3988,1.4057,1.3925,1.4013,1.3879,1.4016,1.3921
1.4063,1.4059,1.3959,1.3995,1.3901,1.4,1.3888,1.397,1.3988,1.4057,1.3925,1.4013,1.3879,1.4016,1.3921
1.4063,1.4059,1.3959,1.3995,1.3901,1.4,1.3888,1.397,1.3988,1.4057,1.3925,1.4013,1.3879,1.4016,1.3921
1.4063,1.4059,1.3959,1.3995,1.3901,1.4,1.3888,1.397,1.3988,1.4057,1.3925,1.4013,1.3879,1.4016,1.3921
1.4063,1.4059,1.3959,1.3995,1.3901,1.4,1.3888,1.397,1.3988,1.4057,1.3925,1.4013,1.3879,1.4016,1.3921
1.4063,1.4059,1.3959,1.3995,1.3901,1.4,1.3888,1.397,1.3988,1.4057,1.3925,1.4013,1.3879,1.4016,1.3921
1.4063,1.4059,1.3959,1.3995,1.3901,1.4,1.3888,1.397,1.3988,1.4057,1.3925,1.4013,1.3879,1.4016,1.3921
1.4063,1.4059,1.3959,1.3995,1.3901,1.4,1.3888,1.397,1.3988,1.4057,1.3925,1.4013,1.3879,1.4016,1.3921
1.4063,1.4059,1.3959,1.3995,1.3901,1.4,1.3888,1.397,1.3988,1.4057,1.3925,1.4013,1.3879,1.4016,1.3921
1.4063,1.4059,1.3959,1.3995,1.3901,1.4,1.3888,1.397,1.3988,1.4057,1.3925,1.4013,1.3879,1.4016,1.3921
1.4063,1.4059,1.3959,1.3995,1.3901,1.4,1.3888,1.397,1.3988,1.4057,1.3925,1.4013,1.3879,1.4016,1.3921
1.4063,1.4059,1.3959,1.3995,1.3901,1.4,1.3888,1.397,1.3988,1.4057,1.3925,1.4013,1.3879,1.4016,1.3921
1.4063,1.4059,1.3959,1.3995,1.3901,1.4,1.3888,1.397,1.3988,1.4057,1.3925,1.4013,1.3879,1.4016,1.3921
1.4063,1.4059,1.3959,1.3995,1.3901,1.4,1.3888,1.397,1.3988,1.4057,1.3925,1.4013,1.3879,1.4016,1.3921
1.4063,1.4059,1.3959,1.3995,1.3901,1.4,1.3888,1.397,1.3988,1.4057,1.3925,1.4013,1.3879,1.4016,1.3921
1.4063,1.4059,1.3959,1.3995,1.3901,1.4,1.3888,1.397,1.3988,1.4057,1.3925,1.4013,1.3879,1.4016,1.3921
1.4063,1.4059,1.3959,1.3995,1.3901,1.4,1.3888,1.397,1.3988,1.4057,1.3925,1.4013,1.3879,1.4016,1.3921
1.4063,1.4059,1.3959,1.3995,1.3901,1.4,1.3888,1.397,1.3988,1.4057,1.3925,1.4013,1.3879,1.4016,1.3921
1.4063,1.4059,1.3959,1.3995,1.3901,1.4,1.3888,1.397,1.3988,1.4057,1.3925,1.4013,1.3879,1.4016,1.3921
1.4063,1.4059,1.3959,1.3995,1.3901,1.4,1.3888,1.397,1.3988,1.4057,1.3925,1.4013,1.3879,1.4016,1.3921
1.4063,1.4059,1.3959,1.3995,1.3901,1.4,1.3888,1.397,1.3988,1.4057,1.3925,1.4013,1.3879,1.4016,1.3921
1.4063,1.4059,1.3959,1.3995,1.3901,1.4,1.3888,1.397,1.3988,1.4057,1.3925,1.4013,1.3879,1.4016,1.3921
1.4063,1.4059,1.3959,1.3995,1.3901,1.4,1.3888,1.397,1.3988,1.4057,1.3925,1.4013,1.3879,1.4016,1.3921
1.4063,1.4059,1.3959,1.3995,1.3901,1.4,1.3888,1.397,1.3988,1.4057,1.3925,1.4013,1.3879,1.4016,1.3921
1.4063,1.4059,1.3959,1.3995,1.3901,1.4,1.3888,1.397,1.3988,1.4057,1.3925,1.4013,1.3879,1.4016,1.3921
1.4063,1.4059,1.3959,1.3995,1.3901,1.4,1.3888,1.397,1.3988,1.4057,1.3925,1.4013,1.3879,1.4016,1.3921
1.4063,1.4059,1.3959,1.3995,1.3901,1.4,1.3888,1.397,1.3988,1.4057,1.3925,1.4013,1.3879,1.4016,1.3921
1.4063,1.4059,1.3959,1.3995,1.3901,1.4,1.3888,1.397,1.3988,1.4057,1.3925,1.4013,1.3879,1.4016,1.3921
1.4063,1.4059,1.3959,1.3995,1.3901,1.4,1.3888,1.397,1.3988,1.4057,1.3925,1.4013,1.3879,1.4016,1.3921
1.4063,1.4059,1.3959,1.3995,1.3901,1.4,1.3888,1.397,1.3988,1.4057,1.3925,1.4013,1.3879,1.4016,1.3921
1.4063,1.4059,1.3959,1.3995,1.3901,1.4,1.3888,1.397,1.3988,1.4057,1.3925,1.4013,1.3879,1.4016,1.3921
1.4063,1.4059,1.3959,1.3995,1.3901,1.4,1.3888,1.397,1.3988,1.4057,1.3925,1.4013,1.3879,1.4016,1.3921
1.4063,1.4059,1.3959,1.3995,1.3901,1.4,1.3888,1.397,1.3988,1.4057,1.3925,1.4013,1.3879,1.4016,1.3921
1.4063,1.4059,1.3959,1.3995,1.3901,1.4,1.3888,1.397,1.3988,1.4057,1.3925,1.4013,1.3879,1.4016,1.3921
1.4063,1.4059,1.3959,1.3995,1.3901,1.4,1.3888,1.397,1.3988,1.4057,1.3925,1.4013,1.3879,1.4016,1.3921
1.4063,1.4059,1.3959,1.3995,1.3901,1.4,1.3888,1.397,1.3988,1.4057,1.3925,1.4013,1.3879,1.4016,1.3921
1.4063,1.4059,1.3959,1.3995,1.3901,1.4,1.3888,1.397,1.3988,1.4057,1.3925,1.4013,1.3879,1.4016,1.3921
1.4063,1.4059,1.3959,1.3995,1.3901,1.4,1.3888,1.397,1.3988,1.4057,1.3925,1.4013,1.3879,1.4016,1.3921
1.4063,1.4059,1.3959,1.3995,1.3901,1.4,1.3888,1.397,1.3988,1.4057,1.3925,1.4013,1.3879,1.4016,1.3921
1.4063,1.4059,1.3959,1.3995,1.3901,1.4,1.3888,1.397,1.3988,1.4057,1.3925,1.4013,1.3879,1.4016,1.3921
1.4063,1.4059,1.3959,1.3995,1.3901,1.4,1.3888,1.397,1.3988,1.4057,1.3925,1.4013,1.3879,1.4016,1.3921
1.4063,1.4059,1.3959,1.3995,1.3901,1.4,1.3888,1.397,1.3988,1.4057,1.3925,1.4013,1.3879,1.4016,1.3921
1.4063,1.4059,1.3959,1.3995,1.3901,1.4,1.3888,1.397,1.3988,1.4057,1.3925,1.4013,1.3879,1.4016,1.3921
1.4063,1.4059,1.3959,1.3995,1.3901,1.4,1.3888,1.397,1.3988,1.4057,1.3925,1.4013,1.3879,1.4016,1.3921
1.4063,1.4059,1.3959,1.3995,1.3901,1.4,1.3888,1.397,1.3988,1.4057,1.3925,1.4013,1.3879,1.4016,1.3921
1.4063,1.4059,1.3959,1.3995,1.3901,1.4,1.3888,1.397,1.3988,1.4057,1.3925,1.4013,1.3879,1.4016,1.3921
1.4063,1.4059,1.3959,1.3995,1.3901,1.4,1.3888,1.397,1.3988,1.4057,1.3925,1.4013,1.3879,1.4016,1.3921
1.4063,1.4059,1.3959,1.3995,1.3901,1.4,1.3888,1.397,1.3988,1.4057,1.3925,1.4013,1.3879,1.4016,1.3921
1.4063,1.4059,1.3959,1.3995,1.3901,1.4,1.3888,1.397,1.3988,1.4057,1.3925,1.4013,1.3879,1.4016,1.3921
1.4063,1.4059,1.3959,1.3995,1.3901,1.4,1.3888,1.397,1.3988,1.4057,1.3925,1.4013,1.3879,1.4016,1.3921
1.4063,1.4059,1.3959,1.3995,1.3901,1.4,1.3888,1.397,1.3988,1.4057,1.3925,1.4013,1.3879,1.4016,1.3921
1.4063,1.4059,1.3959,1.3995,1.3901,1.4,1.3888,1.397,1.3988,1.4057,1.3925,1.4013,1.3879,1.4016,1.3921
