1
339.057037,166.806717,23.061472,52.395229
338.773834,167.163269,23.315666,52.742893
338.399078,167.368546,22.330584,54.290100
335.600006,167.800003,25.000000,52.599998
337.799988,167.199997,24.799999,52.400002
336.799988,166.800003,25.200001,52.799999
336.000000,161.199997,25.600000,53.599998
323.399994,172.800003,25.200001,53.000000
330.723267,166.383240,27.103407,57.698849
329.193726,165.420319,29.877516,60.341476
329.035645,165.400757,30.495581,59.747456
330.043060,163.031067,28.311993,60.149246
328.078888,163.652145,25.010828,58.246056
328.753082,164.314240,24.651436,60.559921
327.565460,163.803574,25.483656,62.451500
326.607849,161.446106,28.852245,64.617111
326.235535,157.984619,25.899172,57.569660
320.440063,165.213531,28.136660,56.221924
335.075378,164.709747,24.419844,58.456524
329.097748,165.102371,27.574709,60.769783
326.661194,164.490204,29.481323,64.439140
326.908051,161.293594,31.607189,63.243591
329.397217,161.092972,28.134954,60.791210
329.314209,161.096405,26.551516,57.552399
327.304901,160.300049,29.985023,57.959549
326.715851,157.741455,30.131062,61.399662
331.089111,153.632782,28.080292,62.440380
328.589783,159.407791,28.547218,55.160332
328.604034,158.310638,28.024214,55.949654
327.272095,160.271530,27.451307,54.304592
328.424194,160.229385,27.864038,60.523247
329.363892,155.400162,29.444130,62.903149
330.672943,151.193649,30.696140,63.329124
330.940704,151.068848,29.455097,62.666756
330.953522,153.887573,28.013927,61.605484
331.488007,152.087143,29.380556,62.880047
332.028442,153.299255,27.347063,65.522659
332.376648,148.422028,31.382936,63.520672
334.067963,155.109634,29.830795,59.593044
334.318787,154.860275,27.601315,55.228004
330.283142,158.814423,28.025797,56.381870
331.394684,156.507065,28.875917,61.728985
331.428833,152.440536,30.876474,63.981262
332.413727,153.803497,27.940636,59.890541
332.999573,153.756531,26.842546,58.293564
330.815277,152.849411,28.997660,57.753796
331.004425,154.159485,27.053577,61.604183
332.289398,157.651886,28.182722,58.091061
333.492157,152.449142,29.278500,60.988705
333.822388,155.396011,28.211241,54.571339
331.498688,159.232315,29.280657,55.975899
333.685120,159.407394,29.732113,63.096771
334.827911,156.064667,29.768295,61.708267
335.656555,154.302795,28.379559,62.170128
337.799164,159.320404,27.341640,57.575821
337.093079,155.568481,25.652330,56.067345
336.778870,156.923096,27.583248,54.782227
337.719177,160.043716,28.160841,58.444542
337.215027,157.542297,26.558285,56.662903
336.144531,158.334808,27.011240,50.625034
335.476318,153.147552,25.966152,55.224388
332.274811,159.181961,26.438885,53.361446
331.673004,160.137405,26.852026,55.435734
330.209137,157.070129,27.091873,59.116280
329.606262,152.170044,27.433725,56.186558
327.038483,156.982635,27.469402,53.566601
325.113434,156.244705,27.475697,55.040245
323.998779,157.697845,27.146296,57.094917
323.157257,153.753937,27.521086,61.521629
325.705688,154.448502,26.116806,55.253872
323.590240,158.902237,23.891653,50.568226
323.779846,154.088501,26.277969,54.743103
319.644684,159.118134,25.869703,56.071156
322.209137,160.601608,27.788280,58.577248
324.549438,152.743362,26.749166,57.669838
323.038696,157.861816,27.651674,55.820004
323.159180,157.756363,27.447315,56.842857
322.500916,158.969452,26.582607,54.809532
321.775513,158.945099,26.674721,56.657673
322.950287,157.871841,24.988865,56.174438
326.327026,154.687347,23.937725,51.494320
323.759949,153.823868,24.658195,55.740749
321.412842,159.502167,25.465752,57.017296
321.847656,160.712280,27.067163,55.762966
321.327087,157.107513,28.664330,57.274712
324.271027,157.522278,27.299150,54.657028
323.930420,158.717422,27.926632,55.590069
323.849670,162.659882,27.623848,51.596413
324.624207,160.024567,28.303516,55.305820
327.486267,157.751251,27.896513,59.912991
329.596802,157.554504,25.333326,55.411293
331.265747,158.282547,27.188208,50.569935
332.175049,158.545151,24.134647,52.710400
330.336517,161.088943,26.703836,54.708401
333.625183,162.269302,27.915192,56.356995
334.992432,158.747620,28.147089,61.213654
336.415375,158.988220,27.978380,56.556194
337.451782,158.041687,27.991524,56.814243
335.277771,158.285767,30.259451,59.161110
335.985229,151.270065,29.346745,60.119743
337.969208,155.447968,28.494888,58.325912
341.571381,155.032776,26.982197,56.496212
338.270996,154.780518,27.604662,59.147896
338.797607,155.126389,26.514515,60.757267
339.613495,160.395782,27.149010,56.959763
340.299164,155.602188,30.455471,57.368866
341.484070,154.586533,29.909286,56.913296
343.337708,158.270737,27.592335,57.822330
344.339996,160.689728,29.358067,54.983650
345.712402,161.818054,29.554592,56.255234
349.121857,152.307739,27.916086,61.020451
350.574982,167.401703,25.106636,54.529861
353.897919,163.596191,25.785721,52.210041
355.640900,159.717987,27.830103,57.234821
356.420593,163.163559,27.295977,56.639595
360.162323,165.955856,28.011423,57.439270
364.274445,162.970871,28.106035,61.058689
363.564178,159.460724,27.978579,56.132259
366.655090,157.303055,30.751099,60.025303
363.937317,163.115784,30.834465,55.480984
365.236603,156.182541,31.890343,62.429626
365.308533,167.072922,30.848722,55.819794
363.568542,165.714737,32.010517,56.116611
363.098572,164.415619,33.590595,56.423687
366.868652,161.345322,31.006086,58.637165
365.052948,159.667267,32.598488,64.567169
367.886292,167.137939,31.823563,61.406639
370.496429,162.082504,29.765764,66.501007
370.888306,162.991379,33.094566,63.076439
371.324097,165.064346,31.033348,59.819920
372.763916,167.531372,32.003025,58.913288
372.943634,164.799393,32.598949,63.299160
376.594177,172.478729,30.628929,55.470005
381.227112,167.310791,29.375669,53.225845
380.350830,169.630829,30.616590,55.058125
380.852844,170.163544,28.731245,59.258518
383.667816,172.616959,29.259806,59.349770
386.421539,166.798523,28.694902,66.229568
390.074524,167.069733,29.194847,59.986382
389.380432,173.561813,29.990170,57.158569
388.755066,170.137558,31.614368,58.702217
388.779175,169.554810,34.562782,60.954525
391.606750,170.688950,31.181744,63.457268
394.859802,180.970886,30.757612,54.885185
401.926331,176.280807,28.148945,54.501518
401.652863,177.741882,28.615456,58.222984
402.306976,176.739929,29.117367,60.692310
403.990295,176.111389,31.034271,58.683617
408.896057,176.276550,28.146616,61.024597
410.384216,175.405762,27.156830,57.149815
410.400726,176.130280,28.708015,58.432236
410.770294,175.528015,29.143604,57.215614
411.499359,176.927933,31.768860,58.815971
413.283264,171.556793,28.709566,59.734230
413.101624,178.112030,27.351833,53.393238
412.290985,178.841888,28.193150,48.239239
410.376007,175.501434,29.425680,55.955837
411.946350,174.386703,27.944439,59.496513
410.236664,173.296631,30.442699,60.915371
413.368835,176.165802,30.771372,63.612309
415.134369,172.560776,28.179853,59.183952
415.112427,174.264923,28.114088,58.672001
415.488647,178.234360,30.844254,56.240547
417.241730,175.454605,31.435873,58.812450
421.350403,174.499435,32.442993,60.954430
425.380920,177.931641,30.286077,56.535549
430.583893,177.928040,30.140827,53.625519
440.767700,180.105011,27.553087,57.491272
444.370117,176.628845,29.335083,59.136459
446.209564,175.141251,30.138718,64.199615
452.076080,174.213562,29.159073,59.316544
456.902618,171.968643,27.025373,57.021721
457.062805,176.444839,27.974167,55.200989
457.690826,171.577209,31.372807,59.774780
460.602997,171.184769,30.749407,60.806370
462.924835,173.450562,29.639441,56.390995
465.367645,172.119995,26.924751,50.673584
465.317322,169.649261,26.810539,53.594013
466.713623,165.626846,27.525658,58.710484
465.197144,171.458344,30.048738,56.340343
467.059265,166.580719,28.899059,60.378159
469.990387,169.473129,25.030252,53.549622
469.828369,169.062134,25.251596,51.994495
468.941010,172.853104,25.864883,52.667992
469.321503,176.123611,29.161137,51.286587
471.642517,178.226944,26.857449,53.777134
469.239990,177.748154,26.903412,55.001770
470.212769,181.397797,26.542786,47.588177
468.739288,182.161865,26.575491,48.472046
468.879944,181.652130,25.265408,52.430786
466.040405,178.716995,27.357880,57.544605
464.928925,178.940109,24.295582,54.647987
464.122040,178.535492,24.144190,51.543476
462.072937,177.667053,23.750624,50.531773
456.827972,177.899567,26.497265,53.374924
455.296906,181.224792,27.194626,50.641872
454.803375,178.089539,27.470175,53.501850
453.251190,183.473297,25.020390,49.252342
454.541077,180.762222,24.491507,45.823223
454.960510,178.855713,22.506207,48.008438
456.547119,179.493515,23.201910,48.476665
457.162018,175.217194,24.064402,54.643005
458.132874,171.959869,24.164608,54.480801
458.271851,171.424103,24.464630,52.050362
458.502930,171.451004,23.315332,47.389595
457.913208,169.846313,22.660807,49.430775
455.840332,172.880859,24.744818,48.612484
455.199921,173.164230,25.115610,47.260994
452.790405,172.420715,24.703341,47.511383
453.167175,173.216187,23.887127,44.256893
450.631042,168.447250,22.007259,45.304737
449.462402,170.712479,23.958256,44.547249
450.734650,169.156891,22.286816,51.301125
450.756409,168.308563,22.420919,50.394203
451.036682,166.937531,22.672842,50.932072
451.476013,165.482315,20.449099,43.268642
451.109650,164.507965,23.138351,47.517349
451.503204,165.897171,23.270132,48.145992
450.767395,167.223541,24.046507,47.596340
450.996307,170.134827,23.140434,48.745071
452.436310,167.895950,21.935524,48.479530
451.876801,167.436600,22.999525,46.740822
453.270691,164.097382,22.013319,47.903793
454.234985,161.392181,22.363857,54.086411
454.782654,165.619049,24.860203,49.027054
454.586548,163.669662,23.342710,52.294464
453.889801,160.287689,22.934500,52.108612
454.357605,159.352432,22.847858,48.368542
454.156403,158.749176,22.882931,52.273327
457.095551,159.579224,22.299963,50.292828
457.477386,158.748276,25.270121,49.184608
460.425720,155.896652,23.420895,51.887852
465.276917,155.873154,21.313841,49.782558
466.944824,154.971420,22.118439,49.924675
471.131683,154.026154,24.115139,50.170937
476.374359,150.606323,24.678698,54.424084
481.167725,154.759811,25.382296,50.140251
486.189911,154.833710,25.212891,51.637711
498.793335,148.833206,23.523806,46.393848
504.770569,146.896713,22.878414,47.194489
509.412720,146.409363,24.202614,45.814072
512.884583,145.365570,24.091429,51.633614
523.072327,141.218033,24.964857,51.221470
528.562378,141.382828,26.486046,53.776985
532.182373,137.034576,23.545067,52.102989
535.406128,136.281036,27.170856,51.667591
538.000366,135.492691,27.072180,54.338806
539.220947,136.533264,26.626419,53.160732
537.654297,132.215118,26.711313,52.468693
538.424927,134.881302,25.532856,52.523773
539.430054,129.144638,22.412790,51.986031
536.091858,130.328217,23.910681,50.092514
533.073914,129.863388,23.487083,54.092415
531.506531,127.859726,24.397755,57.117867
529.854736,130.079666,25.453362,51.847054
528.908386,132.711914,24.706064,55.326740
526.613342,131.149185,25.919930,54.459740
524.330994,132.045761,24.664446,53.912373
522.846741,126.485229,24.930538,58.755070
521.163696,130.179260,25.440119,53.967777
517.394409,127.973312,27.653473,55.273903
514.559937,129.227188,23.788630,55.369328
511.458221,128.134537,23.915321,52.226429
511.775208,125.944962,22.527355,51.652260
510.289673,123.856651,22.514536,53.787979
505.742035,122.024414,27.307451,54.543491
504.130829,122.023102,25.669724,54.474312
502.478699,121.112671,27.734234,58.075260
502.317596,121.429672,26.719547,54.120613
499.721100,118.159447,25.113209,54.230392
496.840302,112.490952,25.425074,56.992592
494.531342,111.296417,26.329765,54.450191
492.601898,109.844254,25.191359,53.638641
488.274384,112.944244,25.088549,51.084785
490.588196,110.045609,22.832340,49.271675
488.093994,105.326630,24.002739,53.282265
488.909302,105.506416,22.259369,50.949448
488.573883,100.380508,23.390095,53.417992
490.843689,100.248093,22.856907,52.625988
491.849792,100.187462,22.838602,53.477703
492.199402,100.390106,23.102673,54.349815
492.767517,98.212112,21.118248,55.230400
492.793488,94.112846,21.823563,58.569138
493.637238,95.166084,23.155966,56.002979
496.047638,99.924194,23.302341,48.847424
494.014008,94.247086,22.799446,50.739433
496.357086,101.299461,21.198734,49.003078
499.509430,97.879662,21.070192,47.011215
498.820129,96.582039,20.710623,49.267803
499.099945,92.802078,20.593538,52.143139
499.224548,91.524567,20.827751,53.515652
498.410004,91.202461,22.968599,53.661785
496.599731,94.302902,23.566956,54.966496
496.269379,98.896393,22.647930,52.255852
496.677643,97.755829,21.633404,51.940575
494.150269,96.556976,23.170975,49.532688
494.436005,98.921829,22.005514,48.129250
492.835449,98.040390,21.179876,46.996075
487.236450,98.973595,21.448729,49.910919
483.174011,97.378151,21.703999,51.300110
481.355225,99.473686,20.188314,50.194656
475.933655,99.152184,21.685059,50.429585
472.888306,99.819511,22.379303,48.815769
465.324921,97.854652,22.709383,50.961746
466.166107,101.043373,21.506220,50.535797
463.072388,106.417519,23.227486,49.121601
454.901123,99.451973,24.046669,48.168934
452.871155,103.797508,22.578510,51.411541
448.931366,106.285309,24.002762,50.872646
448.843079,106.446182,22.812548,45.862793
441.970123,104.595001,23.419487,49.080635
442.182434,109.842194,23.021090,46.376064
438.274506,106.127068,19.422228,47.847759
436.965179,103.370209,22.098085,53.559929
436.582581,99.637222,22.861092,57.908382
434.347717,99.142555,23.322884,52.898090
434.301025,98.824837,21.960457,52.285015
434.539185,101.909485,21.881020,50.484375
435.605560,102.973511,22.350679,52.834137
434.736786,103.456535,23.590683,50.314068
433.103973,103.366196,24.706087,53.099728
433.069366,101.590393,25.513268,56.002224
433.383881,106.115189,26.108047,55.438354
432.237976,100.810150,23.607147,54.746399
431.920532,106.663696,21.642845,51.676353
430.712097,103.044670,20.069021,50.728405
429.877106,102.156509,20.401152,50.710258
428.643219,100.185059,21.057116,52.050514
426.060425,101.203400,21.977776,50.823875
423.155090,101.869339,23.075357,51.872486
417.758820,100.694229,22.505743,51.113075
416.298157,100.361359,22.243004,52.870277
416.254944,100.122910,21.527643,53.011784
410.752136,99.655930,24.273951,50.688892
411.978210,99.555229,24.631424,50.575809
409.782532,98.074219,23.838926,51.050533
407.435822,98.904976,23.795933,50.983749
403.775696,94.921143,21.588028,54.842171
403.104218,95.175705,23.636971,56.571091
401.481415,99.397400,24.637062,54.442719
402.458282,102.476364,22.731699,54.044670
401.179260,103.308075,20.862129,52.676567
392.284515,98.974045,22.854809,51.949234
386.072693,97.765327,24.063738,55.413044
381.423065,99.853065,21.159397,49.057159
378.002289,99.575912,22.815241,52.253860
376.466400,99.424240,22.099171,49.945580
376.466400,99.424240,22.099171,49.945580
376.345337,99.093147,22.022816,49.861694
