1
339.134827,167.513000,23.346542,51.432487
339.035278,166.478134,22.052618,53.814915
337.799988,167.800003,24.799999,50.799999
335.601410,165.989548,24.417727,58.418388
336.799988,164.800003,25.000000,51.000000
335.637665,158.169281,26.709717,61.093338
333.352600,155.753403,30.325111,62.807270
324.799988,171.000000,26.799999,55.000000
330.092499,164.801193,28.024174,60.907654
332.437805,165.611877,25.004570,57.413685
332.294830,165.490616,25.771111,56.080631
331.861450,164.486359,24.591461,55.581951
328.772522,164.122009,23.278017,57.208775
327.314484,163.432953,25.365845,60.951393
327.016113,164.106445,27.185896,61.418633
327.938446,159.456863,25.981283,63.132881
326.366150,160.762009,28.513279,59.110657
323.655334,166.234222,27.363363,53.669601
324.010406,166.072617,25.875412,53.778492
326.164154,164.728317,31.125010,63.586964
329.061493,165.465225,29.136976,61.455334
329.554993,162.262329,26.635752,60.497284
330.647278,160.706848,27.345394,59.995117
331.034637,159.376877,26.499878,56.897953
327.333527,160.375198,29.851624,58.256866
327.143005,159.461945,28.897209,57.846321
330.217163,156.234848,28.965422,60.345367
329.321014,158.698166,27.154110,53.624428
326.898285,160.651352,27.390127,54.234444
326.320526,159.152100,28.255424,56.314789
325.868408,158.002991,32.139072,64.338554
330.671143,154.771683,28.024382,60.655941
332.710022,153.777679,26.338974,60.320385
332.050232,151.477280,27.950418,60.879818
332.816895,153.052155,26.775433,56.763664
332.035828,153.956863,28.041023,58.597027
332.722778,152.976593,26.975119,60.092861
334.141815,151.455521,27.493555,57.918648
335.472229,156.522812,24.894867,50.162395
333.344604,159.720291,23.986244,49.828285
332.518402,156.990204,26.071932,55.414162
331.540863,152.527023,31.923069,65.193947
333.145203,154.493256,26.538801,58.437801
332.811615,152.761185,26.492054,56.099419
332.711884,152.303482,27.592480,57.491676
332.603088,153.196487,27.393253,57.819614
330.422913,152.657043,29.280107,58.824017
331.337891,153.711517,29.517754,58.904430
331.411285,156.839386,30.826033,56.457161
333.101868,153.955307,29.346466,54.313774
332.162109,156.842102,28.153133,58.761032
332.524170,155.705688,30.618546,60.532455
332.867340,152.639847,32.784046,62.203789
336.256958,151.443314,28.551540,59.131107
337.425262,154.542358,28.370937,58.274273
336.736664,153.113342,28.886497,57.351395
335.741241,156.289490,28.941261,53.866173
336.949768,158.109406,28.402332,55.570446
337.701080,158.401993,25.368694,52.217014
336.615570,158.720062,24.372635,49.793179
335.325500,154.499313,26.129696,53.226612
333.381531,157.446808,23.004086,52.037441
330.166687,157.124207,29.005001,59.262840
331.146240,152.967072,25.819128,55.616734
331.264587,152.405396,24.655365,53.199127
328.529785,154.361084,26.641171,51.197556
324.134583,151.358307,27.680729,56.568741
322.445862,156.932404,27.211903,53.383320
323.328094,152.708939,28.383860,60.169498
324.881073,155.490433,23.239607,54.376110
325.166443,154.777130,23.987076,53.105633
322.717743,154.368011,25.464006,55.743340
320.018585,156.668274,26.545916,56.960373
324.185028,152.751282,26.599880,56.861588
323.831238,151.885864,26.767570,58.814350
323.948822,152.524887,26.585022,58.028530
323.466614,154.974075,26.910316,58.324337
322.333405,151.107727,28.587540,59.700588
321.958893,151.718887,27.610329,60.183132
323.833466,150.999557,26.083591,59.467831
325.370636,152.762146,25.339323,55.998795
323.503906,154.033875,24.661160,55.403126
322.451904,152.746506,25.663715,60.430393
320.591522,157.675690,27.437973,60.947315
321.190125,154.609985,29.445515,58.892334
325.485596,152.636688,26.524567,56.015213
324.768951,156.647934,25.171535,57.654518
324.284271,152.630814,26.980986,56.532806
324.718933,155.163956,27.075783,57.990913
326.300415,155.493073,27.051186,57.425438
329.017151,164.751678,21.165760,51.789158
329.353790,160.070129,25.822815,52.401974
332.291290,159.132095,22.640865,51.827450
330.514648,162.622925,24.292965,53.663017
332.779266,154.466187,26.918615,58.789623
336.257263,159.006744,25.227367,58.080894
338.107910,150.676956,23.196735,58.799004
338.530396,154.124756,23.874109,59.828472
338.271545,160.281174,24.692047,55.767387
336.554199,159.564240,25.699112,56.245136
338.577576,161.795776,21.595312,53.789597
338.996765,161.073730,22.161268,53.430695
339.179016,164.963699,21.014011,51.853523
339.377838,155.538467,22.610622,59.090237
340.441742,154.816269,25.064489,59.972477
342.296600,153.798050,24.027414,59.263317
343.305450,150.215652,23.925854,61.841137
346.044617,148.295090,23.827036,62.070221
345.502197,155.457199,26.223938,59.302635
347.103607,154.102142,27.359535,62.614540
349.382812,155.754044,24.432726,60.434177
352.273895,165.637283,21.808493,56.932468
355.043457,161.122360,22.791809,54.106915
356.827209,158.740814,24.159565,58.565109
356.036743,159.251328,25.358879,59.197063
360.525696,163.563248,29.093349,61.499146
364.045166,158.909286,25.307560,59.872681
364.470093,156.574478,24.769554,61.820019
366.662231,153.394623,27.900679,61.640812
367.835602,154.802872,28.240627,64.142662
367.761536,153.513412,25.413103,60.024414
368.678986,166.414185,24.395090,57.186142
370.228699,164.041229,21.968781,56.486637
371.635712,161.228058,21.850599,57.575760
371.353424,159.325562,23.678711,59.050186
368.751160,159.099274,26.304302,64.256119
372.755249,156.001221,23.714872,63.004498
370.957947,166.427719,23.937485,62.148003
375.045441,155.928482,24.846252,59.752899
373.592560,162.386230,25.133934,57.660713
374.026459,157.998291,27.297359,60.906567
373.887115,157.621964,26.646561,61.295490
377.853668,172.754364,23.173603,57.821644
381.326080,169.683395,23.380714,52.435688
382.181976,171.170029,22.277647,53.857719
382.252045,174.445602,25.718296,56.668823
384.521179,167.436035,27.541998,64.750961
386.736603,160.389740,26.795696,67.162247
388.531281,167.605820,25.106070,62.587009
392.224091,163.010284,27.487793,62.437988
391.140900,164.982132,28.071291,62.141857
393.027344,165.290527,28.968105,66.559776
393.909119,170.067108,26.965046,63.774677
395.419342,181.257935,25.939365,57.437332
402.392731,177.177216,23.828526,55.967690
402.078094,176.531784,25.514503,59.951851
403.300415,175.631409,26.113922,63.511875
404.474670,172.436646,29.429930,62.398525
410.938934,173.222961,24.579035,64.225945
411.823425,171.147202,23.960234,57.492184
411.834534,173.681503,26.250883,59.863064
411.145599,170.053497,26.990023,62.642136
410.773560,168.838058,28.662596,63.412201
411.446167,177.837814,26.540977,57.847744
412.061096,178.278534,24.989676,56.684898
412.611145,175.763657,23.986042,54.472530
411.098358,173.013550,25.759226,60.569595
411.573120,172.233215,27.255726,63.583748
411.225403,171.815964,26.585999,61.489239
415.075500,169.729248,25.357800,65.982193
416.168335,169.495422,22.388882,58.148464
416.422272,171.969589,24.634388,60.129528
416.679047,170.474884,27.404644,60.934353
417.370148,166.574448,29.295307,62.655449
422.057190,174.984116,26.562006,62.906834
426.509216,175.750748,24.947235,58.863117
430.401215,176.764221,26.214859,57.543629
440.821045,177.590408,25.551334,62.172569
443.525116,172.158081,29.560816,64.129211
446.463898,171.914688,28.220839,65.445587
451.964294,173.275482,25.645905,61.840897
455.723877,168.166260,26.598442,61.235458
458.398407,170.880569,24.762812,61.168522
456.738251,164.054291,29.966904,64.174057
460.323914,171.563293,30.183720,65.008804
463.831177,175.221451,24.635151,56.847187
465.054779,169.773056,24.972168,54.983295
466.144348,167.455109,24.698689,56.618362
466.252686,165.954956,25.069567,60.380581
464.865967,163.630463,27.162262,59.637592
468.243591,163.808411,24.189896,63.152111
471.086365,165.316055,22.319040,55.830715
471.300873,164.831390,23.688766,53.274822
471.441193,167.320297,23.218821,55.533669
471.198090,168.210876,26.109867,59.700577
471.910614,174.848175,24.987446,56.835144
469.803284,177.582306,25.027645,56.296623
472.933929,178.603424,22.464390,50.981693
470.785889,182.062439,24.010342,48.817356
468.890625,178.485947,24.264715,55.575474
466.740417,173.779388,24.562265,58.701668
465.734039,176.476334,23.259390,58.186192
463.860046,176.626846,23.309193,53.597919
461.702820,171.933167,23.704712,55.726814
457.169617,168.772186,25.937042,58.776199
455.778900,174.153854,27.808678,56.701794
455.871216,173.549271,26.450035,57.171753
453.503143,177.022369,25.049744,54.948151
454.651886,179.975403,22.722237,49.082394
455.843689,179.633698,21.938004,48.960312
455.447388,178.759766,22.357603,51.352219
456.861023,174.662308,23.455948,55.804840
458.156738,172.422150,21.482754,53.914185
457.925446,168.869263,24.184977,55.579613
457.711456,168.489883,24.311571,50.616764
457.907806,168.163147,21.863585,51.535759
455.341034,164.310745,24.622484,56.275784
454.521820,164.859009,25.752186,54.035854
453.374908,166.747543,23.442089,52.511662
452.648224,170.949966,22.066689,49.673267
450.467957,167.110336,21.927025,48.841496
450.161102,169.967072,21.140783,46.340710
450.458282,165.623337,21.898783,55.701500
450.691956,164.245193,22.472570,55.909710
451.749237,163.312973,22.956236,53.850056
451.317444,164.856964,23.069271,45.044209
450.827972,163.115356,23.363321,50.817776
452.221069,163.265411,21.418030,50.481918
451.389832,161.902664,23.097075,53.259495
451.775177,165.622971,22.833900,53.182888
452.238068,166.436646,22.177052,52.069042
452.733032,166.544189,21.466379,48.017864
455.546539,162.769547,21.263748,48.580067
454.925415,161.032532,21.656645,54.001911
454.170380,159.841080,23.386227,53.957542
454.769257,165.759964,22.418556,51.585175
454.980438,160.998398,20.318195,50.770855
454.751709,159.037247,21.685879,49.435020
455.595184,156.271072,20.850880,52.456444
456.606262,159.276001,21.528778,50.771202
458.063538,156.990051,23.587919,50.600357
459.441650,152.549667,24.074604,57.835228
464.745758,155.859650,21.697815,53.344551
466.520477,155.665909,23.217146,50.918209
471.695953,154.129944,22.754095,50.771301
476.339783,152.656677,24.255730,55.553497
481.750153,153.402878,24.011423,52.425575
484.263092,153.239792,23.629692,52.802822
499.159943,151.798355,19.911909,46.385399
504.872772,148.327850,20.758259,47.650230
508.477875,147.705597,21.699400,46.038090
512.510925,143.678543,24.265188,51.913300
524.776733,138.693588,24.250320,52.857048
529.573303,142.429749,24.427595,52.290695
531.803223,137.693649,24.958841,52.669991
537.724182,136.971756,22.431637,48.356232
538.151245,133.573578,24.950958,54.824192
539.179749,133.267822,24.900440,54.658897
539.159851,134.279938,23.782022,50.338451
538.690918,134.141724,23.261372,54.647869
537.300354,129.082901,22.134602,54.291534
535.280518,126.347488,23.425943,54.656746
532.574463,130.437012,23.788469,54.062294
530.741089,127.781532,24.117794,57.818775
529.662964,126.224205,25.991982,55.702351
526.597229,130.068344,27.867460,58.131512
524.704468,129.231461,27.916475,56.914089
526.152344,129.081253,22.523670,55.436890
521.921997,127.270798,25.862370,57.324013
518.476868,127.083771,28.496548,56.258171
516.056274,127.180969,26.973402,51.960304
513.899353,129.818390,22.882103,52.347073
511.183167,127.091400,23.335838,52.018456
510.006378,126.997604,23.812466,52.249390
508.720093,123.923759,24.526981,53.759716
504.875824,121.061798,25.326870,54.492798
503.395569,121.436783,26.774529,57.094627
504.172119,123.199127,24.908665,55.690552
503.320801,122.163795,26.541645,53.317215
499.464142,114.653992,25.553661,57.279793
495.077942,108.616547,25.360092,56.873512
492.839294,109.175034,29.212379,57.493465
491.714630,109.341995,26.114399,55.854275
489.700439,114.924667,22.864090,50.932278
491.730682,110.110077,21.461998,49.811062
490.341736,106.105698,22.578365,50.749756
488.701324,105.611496,21.776907,50.484367
488.768250,98.434784,23.649662,56.438103
489.172333,101.873306,22.851906,51.216179
491.863190,105.862503,23.559031,49.659119
493.276611,102.774460,23.418489,50.055904
491.543152,101.060066,23.251438,53.207630
493.830505,101.252159,22.669271,51.123917
491.225342,98.346695,25.580261,53.405136
494.275421,98.301102,24.211744,53.145802
493.939178,94.400589,23.738060,51.430504
497.242767,100.599106,22.662210,51.181606
498.532806,99.511505,20.054434,48.270588
498.779572,94.854141,20.651110,51.579010
497.553619,95.174973,21.401194,51.237034
498.447754,91.890633,21.412926,54.613831
498.948517,91.513069,20.962420,53.964706
494.806671,95.642288,24.224998,52.934017
497.074921,92.387360,24.167580,54.486572
497.806274,96.014259,23.195194,52.589443
493.176361,95.584732,25.632874,52.914093
490.683990,95.476257,25.497877,54.697987
493.374512,96.914345,21.784014,49.936626
486.718597,95.220276,23.214764,52.292507
485.319092,96.442848,19.999220,50.302750
483.048859,100.071289,19.294237,48.526192
476.920532,98.438110,20.118053,50.915810
473.502991,101.153923,20.628500,47.983688
466.177002,99.244812,21.590929,51.680958
464.286713,100.561188,21.860863,51.579887
462.996216,104.725014,21.629097,50.837204
454.783844,101.891296,22.370195,47.126183
452.707825,107.480637,20.176300,51.743996
449.391418,105.079025,21.200500,50.063786
448.622284,106.943901,22.497768,46.056904
441.720276,105.673584,22.281048,47.007729
440.888184,109.232933,22.646118,48.608326
442.232239,109.145027,17.931208,46.878155
441.348236,109.941925,18.471981,46.711800
441.915863,109.538727,17.667978,45.051086
440.979797,109.653969,18.087294,44.528118
438.480103,106.033340,19.654934,46.900177
435.097260,105.532974,21.282217,50.066990
434.876312,102.491173,22.130022,51.516708
435.792419,105.464882,23.370869,50.631546
434.442810,105.224777,23.896761,52.376377
435.749847,104.623993,21.174736,51.598206
435.230591,105.158356,22.043591,49.847500
433.813202,105.464401,20.681942,49.126343
433.336914,104.775894,18.960907,47.501835
431.492340,102.906464,19.366440,49.979187
431.684601,105.908516,18.950640,48.700546
430.360138,104.502785,20.338818,50.692425
427.807007,103.075668,19.722139,48.384453
425.754120,104.178856,21.130724,50.625896
421.209290,105.420441,19.782618,47.880856
417.452942,101.951012,21.146915,50.444141
417.905487,104.364670,19.563820,49.937752
416.745605,101.315430,20.475882,48.481163
413.478546,104.035019,21.772743,47.719990
413.000854,103.131920,21.665741,48.697784
410.117218,100.550804,21.280838,50.275532
406.509216,99.802841,20.837952,50.604279
405.325623,99.564102,21.586147,50.144905
402.081421,102.708313,20.345011,45.878700
403.361725,102.935417,21.159904,51.527542
398.399963,102.358391,21.692501,52.480366
398.817566,102.219048,20.043610,52.198414
387.420868,99.762497,20.964663,49.156975
385.405365,101.577805,20.678827,48.522572
381.121948,101.222099,23.043653,51.411243
376.718536,100.125473,22.621201,49.555473
375.676636,99.140167,23.441086,49.391567
375.458191,99.913483,23.996264,49.261559
