1
240.278870,163.118988,24.359953,62.808071
239.765152,165.423721,24.458160,62.922729
235.390198,162.983398,24.001114,63.809208
237.687866,170.130844,23.873337,63.212452
237.850540,174.220657,23.693810,62.942303
235.078537,185.525009,25.172029,61.182774
222.126434,191.797440,26.876776,59.712547
225.399994,204.800003,33.000000,66.400002
249.118454,232.733688,27.084024,59.686810
267.799988,234.600006,32.799999,67.000000
266.482147,216.401932,25.099766,74.785461
247.613251,221.060028,27.705637,74.559250
2
0
0
0
0
1
90.549301,289.492401,65.770287,61.927315
70.031982,281.238708,65.659348,60.341053
55.417953,272.617554,71.473969,65.463409
52.996529,269.501556,67.005173,64.018127
35.460327,260.574341,66.512329,68.849960
47.000000,244.800003,67.000000,67.199997
79.394073,223.197693,60.643181,71.819901
113.597130,235.422699,66.635513,60.364944
151.000000,235.000000,64.800003,65.599998
190.657425,249.318054,71.844139,63.520275
225.315903,257.551239,63.525856,64.227058
230.917755,251.205109,60.926987,68.162308
236.500671,255.986099,63.782089,65.174522
239.743240,261.645844,64.403114,63.014076
246.598282,264.477356,64.556740,66.510979
250.146179,266.590332,66.204117,65.781670
264.013885,272.290985,67.723999,65.016487
270.498962,275.313446,64.593582,63.031883
284.542755,276.492035,61.205479,63.893234
304.434235,284.523376,65.736710,62.212616
325.899841,288.813690,66.446648,64.313950
337.000702,296.025299,61.957336,63.449959
335.173279,297.935181,62.833546,65.753571
330.845703,302.143585,65.870987,64.574394
349.778931,311.012329,65.305649,65.497162
373.721802,324.427429,60.738129,67.378105
369.064423,321.396667,62.556870,69.142410
363.398956,311.445068,61.464287,68.107727
373.614166,316.860901,63.166183,68.203186
393.129272,324.509369,60.449368,68.510826
410.278992,327.270020,62.472778,70.046417
426.111084,327.402954,62.276451,73.714302
435.712097,343.141876,62.424004,74.527214
441.548431,345.302795,64.192184,77.274422
414.431335,333.847931,64.269196,78.769714
391.457550,312.607147,64.691833,83.744102
380.971558,292.251038,63.501530,79.770523
370.313263,280.281677,65.418190,79.066528
360.537689,269.721313,64.900940,77.186790
340.231873,265.594482,67.745308,75.918007
322.159882,259.538025,68.133064,72.797348
306.005829,258.832275,66.060966,68.948677
289.270325,254.369690,67.481369,70.671211
281.514771,244.350128,65.903603,70.213730
264.030457,233.595154,64.331947,70.266731
242.229797,221.613220,70.484146,70.026985
227.913895,205.381668,66.374176,73.190437
216.999023,196.790466,62.579010,70.363617
197.272308,189.644287,66.041046,71.225136
168.631851,172.388107,64.745026,72.459137
150.725479,162.349106,68.367737,75.163857
131.616776,152.908981,64.355011,76.765503
125.041443,148.306732,66.217232,77.042465
115.680046,132.034302,65.105423,76.609543
105.338242,126.929710,66.492882,74.747269
96.550476,133.468567,65.787262,81.216316
105.983521,148.179092,66.693298,86.675285
122.403557,182.110687,66.841141,81.267380
124.515259,175.292664,66.972046,86.086830
122.490891,159.674561,67.765991,86.524101
119.645615,160.049011,68.710014,86.055679
119.522720,174.898666,69.281952,84.086159
121.230019,197.279495,69.607285,82.477547
139.402756,215.770706,70.499016,77.358528
168.689362,228.426529,70.003448,76.363121
204.874039,234.986511,71.281487,86.491821
218.873199,237.512238,67.101585,85.429985
2
0
0
0
0
1
133.733322,59.328041,72.646034,86.570236
142.502701,66.990295,73.002571,83.586845
148.276794,69.872993,68.328690,81.085266
149.443924,70.143127,70.574188,82.179008
151.442825,70.996918,69.944038,82.000443
162.655762,71.819153,65.704018,82.234604
182.925110,75.142677,60.845997,79.811096
190.320984,68.775803,57.698223,82.274109
186.416351,64.714111,56.133121,80.613594
179.157959,62.589115,56.668137,80.550179
172.963745,65.066002,55.872555,79.168869
170.136154,64.197906,55.873390,78.934700
151.382156,67.676254,57.089748,77.694649
130.645630,72.313545,60.509930,77.834030
120.232895,78.764748,61.956394,79.359436
116.609451,86.824600,61.332039,78.353584
105.183685,99.723907,65.530205,79.678246
95.448029,108.198456,70.230591,83.962006
90.576614,107.325409,70.047218,82.773094
87.439865,107.119247,72.278358,83.590485
90.680664,120.775826,72.099297,85.796494
88.847969,126.211945,74.622345,85.898132
88.742531,130.767151,77.821976,89.181473
99.726700,126.631706,73.349213,90.060593
106.419296,118.284401,73.056557,90.012192
101.102844,112.935234,76.122375,88.367813
97.134926,107.256882,72.103500,87.210564
94.412415,95.945854,71.018608,84.910660
