1
239.407837,163.526550,25.630455,62.558552
238.607651,165.952393,26.646954,64.314774
233.855499,163.981842,26.928307,63.995651
237.013550,171.096237,25.387871,62.043022
237.151031,175.759430,25.468849,61.196468
234.361343,184.396179,25.791201,63.673122
222.308090,190.149719,26.703272,63.120346
225.199997,204.199997,31.799999,64.199997
249.262787,227.964294,26.770992,63.838070
269.600006,244.800003,31.600000,64.000000
266.885986,222.553894,23.285994,69.233017
249.178421,227.377869,26.073162,67.153313
2
0
0
0
0
1
88.707245,286.645905,68.108337,64.552727
70.189728,277.987762,62.629997,64.491951
56.944229,271.276276,68.808014,66.929787
55.242519,268.093750,63.636116,65.608444
35.155621,261.163116,68.235207,67.866066
45.599998,244.800003,68.000000,68.000000
80.654503,223.162506,57.595066,72.839920
115.011490,229.286819,69.317390,67.506996
165.381180,243.238846,69.717552,63.364601
196.549072,242.120911,74.097069,70.669327
226.461182,255.054520,60.491272,66.087013
234.640778,251.312180,58.598404,69.037453
241.050797,255.801971,61.103432,68.791809
239.243683,258.812103,67.678596,67.495293
248.718582,262.585602,63.899200,71.107178
253.770569,266.659607,63.168571,68.735771
264.252502,272.834290,68.068977,65.700348
272.891693,274.737701,64.310234,66.132065
288.579926,277.957611,64.486580,67.124931
309.015839,285.909332,66.934219,65.663651
327.714172,287.471497,64.283791,68.389679
338.531860,294.507660,62.754665,68.880821
338.635803,296.637756,64.292496,70.751465
332.582916,301.520905,68.588730,69.400986
348.083862,307.043304,67.778908,71.415932
376.816345,322.697937,65.153069,76.274979
369.773926,320.825592,67.897491,76.092705
363.166718,309.358673,67.418114,75.820908
376.223145,314.375671,70.878654,77.047325
395.051971,321.715515,66.439468,77.547676
409.451965,324.560303,66.446991,76.541862
421.381348,325.281708,63.349621,76.914864
442.382111,346.836884,66.239693,79.802696
437.940491,342.871277,67.172989,81.176704
411.203552,331.504395,68.637939,82.658951
393.239685,315.023529,67.588776,83.910912
381.287354,291.414490,66.982689,82.242859
370.281891,281.276764,69.088928,81.947617
359.500641,269.261841,65.465004,76.771332
342.199554,267.444580,67.184868,76.247559
326.127289,258.463043,69.771042,78.639259
309.284332,257.693787,68.749611,74.234451
290.069336,250.949051,68.216682,78.451447
283.986359,243.026764,67.656876,76.837830
269.016418,234.116165,68.842003,77.190407
248.033951,222.189407,69.175323,74.245522
234.397156,209.584930,67.846382,77.342590
215.420410,195.735443,70.426697,80.317886
196.435532,184.261292,72.846687,85.110939
171.373932,175.476303,72.009903,81.217438
149.083115,158.115189,73.314667,82.396271
131.646454,150.833679,70.599335,84.651413
123.047470,145.661636,72.594139,83.637184
113.907654,131.949707,72.505135,80.920219
101.872498,123.862198,74.715424,81.957359
93.524368,131.104904,72.321655,88.795830
103.685135,148.610138,74.075928,90.088051
121.824326,182.311401,73.109566,88.306076
120.818298,175.484787,71.001007,84.776337
118.233246,158.966019,74.259308,89.429718
114.601074,161.087585,72.807320,85.290977
116.768562,173.669327,75.410019,89.972969
120.486755,195.213516,73.752708,87.649445
138.081253,218.795746,76.906555,80.381210
166.317169,228.518219,76.242691,80.144638
199.461975,229.367538,70.276871,86.795494
217.525269,237.687683,68.721275,85.497871
2
0
0
0
0
1
132.331665,58.828815,72.922737,85.426491
141.565079,66.177307,70.168335,82.055038
149.224976,70.402901,68.983879,79.779129
149.777740,69.867058,69.082306,82.133698
151.861404,70.185944,67.041466,81.367104
162.500275,70.833603,65.782883,81.984245
180.811920,73.645340,63.650398,83.356270
189.124298,67.976562,59.293430,81.753761
185.698059,64.496559,57.791679,83.113708
180.139740,63.099316,56.302361,80.405251
172.847382,63.737694,57.397427,81.910736
170.236526,63.358849,55.531918,79.838882
150.124039,66.104660,58.877911,77.143631
131.520035,70.919067,59.004677,79.938362
121.222458,76.454895,61.043091,81.546997
116.201538,84.783905,63.185921,80.273453
105.269379,97.960930,66.020233,81.872055
95.778839,106.216179,68.019615,83.082443
89.438766,105.592186,70.927422,84.114731
88.040482,105.853462,70.777023,84.179611
88.177811,119.147491,75.911171,88.356209
86.652527,124.152008,75.237778,88.623657
89.554108,128.538345,75.676872,89.639771
97.365967,125.869095,77.557701,92.038322
105.834839,117.513451,74.605927,90.901413
102.300446,111.109177,74.864037,87.570961
96.483353,107.053925,72.980812,85.236755
93.174591,94.829163,70.872124,85.502220
