1
239.779785,162.842346,25.525906,63.635178
239.619904,167.149246,24.701653,61.021313
235.344406,164.669815,25.267351,63.232124
237.783585,171.322433,24.174438,61.226070
237.930618,176.718445,24.427574,59.535446
235.057144,185.313309,24.946161,60.503689
223.091736,190.364273,25.734924,61.113224
226.199997,204.199997,32.799999,66.400002
248.399994,208.800003,33.200001,67.199997
2
0
0
0
0
1
135.341629,300.714020,72.008186,63.566002
116.814758,290.698975,73.252380,64.357597
97.482864,285.375641,69.273956,63.533730
89.350204,285.154602,67.576302,65.790871
68.639786,276.848267,67.878777,64.079208
57.252739,270.355988,71.569397,67.999794
51.599998,270.399994,69.400002,64.199997
35.098072,261.094208,70.559990,67.345116
50.971966,250.094894,59.605827,63.811138
83.684555,234.761917,61.116539,61.243015
113.071533,232.385284,76.781189,66.257393
148.199997,242.399994,69.400002,63.799999
191.186066,249.810623,71.861916,58.677338
228.343826,254.826050,61.833050,65.604050
230.989594,242.636292,62.590988,79.163498
237.988647,251.982574,64.441513,70.767509
238.600586,262.850525,68.873459,60.968273
246.269958,267.116394,65.965630,64.001953
252.459808,271.261292,66.561386,62.661224
262.004486,276.256958,66.721130,58.268162
271.777527,275.392395,68.012978,63.925293
287.725128,280.314178,65.755913,62.334984
305.888153,287.788116,69.320450,59.994419
328.760437,291.512451,65.762543,61.501526
336.949127,294.274536,69.446892,68.458595
337.753296,300.828857,67.813332,64.999550
337.183044,304.718567,70.681084,66.491508
346.418396,307.332764,69.960968,68.305626
375.281525,326.041626,68.086967,69.645721
369.279419,323.708801,71.621880,70.799896
366.280792,314.953369,73.257927,72.511284
372.341614,318.814026,70.603935,67.331047
392.748444,325.620758,69.574699,70.135841
417.041077,332.230591,74.687561,74.906967
426.579590,333.141876,71.983307,73.799080
434.732300,344.428467,71.020622,74.435394
437.559723,345.615692,69.916939,72.517700
413.160522,337.627747,73.491135,75.016655
390.315521,317.780212,72.088860,79.153862
380.160736,296.044067,72.283020,75.167702
372.019257,285.537964,71.730782,77.562332
364.126801,275.559265,71.516762,75.417000
344.602661,271.861847,69.678070,71.303230
325.996185,264.402924,73.537064,71.053505
307.973938,260.075256,73.277237,70.436272
294.294403,258.919617,70.597305,68.861824
286.009460,249.171631,70.327324,68.908127
269.551941,236.333023,72.047630,74.226646
241.547943,220.772522,78.157837,72.296272
238.719238,214.519638,67.922012,71.242249
217.777740,200.360886,73.067307,74.083748
192.991272,193.421768,75.783188,69.347870
168.781952,176.417770,79.086708,76.101624
149.109314,163.656494,76.730789,75.412354
132.137207,157.527557,74.772781,77.239090
122.072281,150.586868,74.623451,72.961700
111.992538,136.574722,75.906891,73.378227
102.107712,130.044998,79.853729,74.948303
93.220276,137.815460,75.630791,74.423920
101.732285,153.215393,79.777184,80.800819
117.970871,180.386383,73.941246,73.667404
122.006134,183.654694,76.876221,80.387306
117.850464,165.350067,77.389854,79.889862
113.677628,166.705994,77.367104,75.673332
117.636307,181.489944,76.929810,78.889030
123.455376,202.977692,77.213608,80.549850
137.395355,220.814880,80.789688,75.267380
165.190002,230.865860,78.526062,74.379128
201.403870,236.553589,72.149284,79.787292
217.391876,241.002777,76.552628,83.572380
2
0
0
0
0
1
131.603149,58.839783,74.928162,86.979279
141.966125,65.495323,73.682846,86.177643
147.444946,68.526443,70.616127,84.929787
149.056183,69.878784,70.972359,83.370758
152.352539,70.287132,71.551300,84.559311
162.514038,71.220688,67.076981,84.786049
182.413223,75.441467,63.299969,81.532967
190.914856,67.988991,58.301174,80.668732
186.463150,64.943352,57.464226,81.290176
180.489716,61.132454,56.219994,80.545807
172.996521,63.780533,57.143059,79.907501
170.057831,62.182430,56.253315,79.359489
151.012192,66.875824,58.466053,78.301178
131.545792,71.131531,59.378429,77.954048
120.646973,77.152832,62.822330,80.431068
115.894363,86.629410,62.894478,78.702637
105.133438,99.388496,66.519157,81.018723
95.500504,106.562309,70.659538,85.426926
88.740631,106.769592,71.210045,84.651787
86.164520,105.851761,74.905998,85.788292
88.119354,120.079285,75.083679,88.135918
86.228546,124.968124,76.490280,88.702248
87.672516,129.690216,77.192711,88.013809
98.199005,126.936478,77.272575,90.495018
105.865852,117.839256,74.301071,91.041702
100.868416,112.433624,75.984909,89.064857
96.576431,106.274895,74.898796,88.289749
92.169182,96.184448,74.331253,85.980125
