1
239.159927,163.411377,26.696766,63.624222
238.774918,165.279388,26.012068,65.183388
234.008865,164.449799,26.853518,63.362541
236.497147,170.148773,25.949678,63.608841
237.092499,175.054840,25.228090,61.940720
234.471558,183.912384,25.908463,64.211838
221.279633,189.251740,27.819937,62.966713
225.000000,206.000000,31.799999,64.400002
242.600006,229.199997,32.000000,64.800003
269.000000,211.199997,32.400002,65.199997
2
0
0
0
0
1
124.068993,293.321716,61.632309,60.755280
103.779526,286.702545,58.500126,61.700420
95.790947,289.281250,57.720184,59.388470
77.531227,281.322479,54.071045,57.192566
61.934883,276.723389,61.155117,56.924084
59.057716,272.852295,57.292114,55.857777
42.470444,267.490723,59.594799,58.350925
49.799999,252.199997,63.599998,59.799999
51.058964,247.310547,56.840355,56.367294
85.000000,236.600006,64.400002,60.400002
2
0
0
0
0
1
251.774384,268.095581,53.369083,54.773705
256.610809,271.029724,52.998207,52.761017
267.035797,274.709320,58.877003,55.608723
276.876312,277.374207,54.764217,53.634266
292.641968,281.387299,53.751652,52.826172
311.582214,287.540466,58.084084,54.979782
333.673035,292.448547,52.856194,52.694038
343.042755,299.441284,53.855957,53.085464
343.663086,302.361206,52.747005,54.876759
335.870361,304.837219,59.340771,56.186497
355.163483,313.432526,59.380283,56.077236
382.765839,331.403412,54.402901,55.658146
375.139618,326.433441,55.732285,59.014053
372.543030,319.258820,55.091934,56.691502
381.468781,323.553955,60.305271,58.901955
405.311890,333.594299,55.291546,57.600597
418.098022,333.593323,59.367073,61.548664
433.807770,336.744202,56.731045,59.989857
446.172302,350.755005,56.348549,63.693829
449.822723,353.998627,57.473286,62.275440
422.878845,343.448730,59.506577,64.907433
404.200012,332.600006,56.400002,55.400002
387.588013,298.454071,57.698273,65.825668
376.369324,286.434906,54.412800,63.040195
367.685883,277.702728,56.577328,61.637894
349.471527,272.982635,54.226521,59.064323
330.093719,265.666809,59.575623,60.011757
311.400970,261.247620,59.609299,60.601479
296.855164,258.985046,56.998833,58.815300
288.765076,248.764404,56.895939,59.617847
271.808044,238.078186,59.334682,61.294426
247.154144,224.040070,64.617615,60.277664
236.450836,209.116852,59.058117,63.121780
223.988327,198.916824,57.359924,65.162621
203.755142,191.650208,61.885983,66.052551
177.060165,177.816452,63.744850,67.663109
157.348099,162.278198,61.342571,68.301346
136.831406,156.475494,60.729439,67.948891
130.593231,152.293533,62.150402,66.169823
119.728065,135.714905,64.773972,68.004486
108.977463,130.091278,67.029991,69.879593
98.428963,133.788696,64.341904,73.743454
110.041779,150.658478,64.128838,77.096794
126.898102,184.635803,69.074402,71.550865
128.102295,179.424377,65.873764,75.189339
123.942841,161.987793,69.407585,77.257034
122.681931,163.771088,66.059654,75.264107
124.889236,177.583801,66.160622,76.035172
127.808426,199.825592,64.055397,74.242973
141.264465,215.053787,72.707405,76.288414
171.771622,229.020523,72.187042,74.195648
207.815521,234.394348,59.312103,73.508774
224.860886,241.181305,58.321598,71.421387
2
0
0
0
0
1
133.035751,58.979996,72.899223,84.853012
143.815140,66.193108,70.666237,83.375519
148.693298,69.008194,70.846275,81.083984
151.315643,72.017319,67.217880,78.835709
152.331650,71.177917,67.714508,79.330208
163.244171,72.514992,65.131332,79.597931
182.434555,75.282570,62.424438,78.689972
190.385620,70.791458,58.210922,79.226547
186.070938,66.792290,55.940010,77.837265
179.698853,63.973095,55.138504,76.369759
172.997742,66.821838,55.853764,76.674454
169.529633,65.516525,56.238750,77.026054
150.882248,68.138222,57.864559,75.175827
131.769012,71.685730,58.446205,75.337631
121.766380,77.663712,60.091877,78.311951
116.527374,87.342636,61.937222,76.856895
107.186104,100.532364,64.798386,77.831390
97.064911,108.088348,68.603577,80.937706
89.582001,107.286209,70.157875,79.536217
90.120934,105.661194,69.716141,83.386200
91.543182,121.493446,71.696098,83.300705
92.719559,125.408882,70.879082,85.822678
92.282608,130.191925,72.943398,86.036209
99.092117,128.643845,74.838539,85.659218
108.671883,120.079102,71.745621,86.861450
105.914017,113.751755,70.165062,81.765106
100.923630,108.385422,68.081879,81.354820
95.777130,96.419373,69.310661,83.872475
