1
239.499054,163.980087,25.859787,61.277855
239.764282,167.808807,25.167904,58.030231
235.407333,165.677979,25.161430,61.512825
237.937363,172.401733,23.653561,59.938278
238.234650,177.347794,23.828636,58.672611
234.651184,184.673187,26.270880,62.011723
222.789703,192.054565,26.706703,59.518482
226.000000,206.399994,32.400002,65.599998
243.800003,233.600006,32.400002,65.400002
268.200012,226.600006,32.200001,65.400002
2
0
0
0
0
1
124.124847,292.800781,61.476620,61.439671
102.688370,286.494171,60.348881,62.635159
95.138138,287.531586,57.951946,62.852306
75.549187,278.517548,55.602570,61.179604
62.467373,273.475555,59.901604,61.585609
58.000000,272.000000,63.799999,61.200001
41.646378,262.022095,56.751057,64.967682
54.783127,251.938568,53.981140,61.347786
82.917961,223.953186,57.856617,71.453110
118.126740,233.159882,63.567936,60.472649
151.800003,239.000000,66.199997,63.200001
193.643112,251.425339,69.570671,59.545998
232.116577,259.906677,55.755661,58.154060
234.537872,250.574020,55.774490,65.964996
240.389099,250.628784,56.930973,70.678886
241.371384,259.861267,62.726948,62.911282
250.312744,265.515137,61.601860,64.132294
258.972351,271.671204,61.546581,61.546528
266.702209,274.612640,62.744457,60.310966
275.877014,275.773285,61.652920,61.452457
292.670868,279.538147,61.488281,62.189548
312.167511,286.335815,63.322166,61.757713
331.948212,289.541016,62.093704,62.226875
339.737976,294.997833,62.787666,65.329872
340.096893,297.886230,62.785007,66.933342
335.046783,302.436768,65.682976,65.374268
353.757477,308.935120,62.283245,67.611763
377.069733,323.450531,61.344692,69.906845
372.747742,324.568481,61.896282,66.999100
366.218079,313.175201,61.681503,66.807762
375.802216,316.344391,61.854805,68.739235
396.388000,323.113037,62.614212,69.855019
410.645081,327.039612,64.917389,69.249832
421.982849,327.874176,63.929413,70.133133
439.297211,343.891937,62.400131,73.433296
444.168701,347.247864,62.745907,73.836533
417.843994,338.451111,62.299900,73.476128
394.358673,315.024017,63.716995,77.682983
383.951904,295.237518,61.684925,72.899521
371.547363,283.547668,64.172676,73.294403
364.304840,274.569977,62.082966,69.160301
342.841919,269.208984,61.045235,67.305305
324.107208,260.975891,63.483196,68.478416
312.420197,259.521118,65.361580,69.198257
290.023315,253.413605,64.927406,70.857368
284.818909,245.400726,64.548058,68.897568
267.093597,233.925995,64.116783,71.656570
245.928711,220.540314,68.837959,70.567245
233.787567,208.280838,67.141487,73.704254
216.180756,197.461884,67.158203,71.867043
197.485535,191.856750,70.854630,72.990189
169.701111,172.728714,69.790833,75.836395
150.898621,164.151031,67.007240,72.144897
132.537430,156.592316,65.920845,70.874992
128.748627,150.661774,64.554947,72.839264
120.718292,135.870087,65.545525,72.518456
107.613754,128.316757,67.257378,73.796753
100.039627,137.324600,65.436104,79.178833
107.255722,148.877396,67.186768,81.939369
126.037354,184.067596,69.911407,78.665405
125.692917,178.699249,67.752220,79.956177
123.538162,162.180222,68.033150,79.672127
121.528397,165.935593,67.433342,79.654778
122.889145,178.504349,70.284874,80.387207
123.662842,199.652618,66.210457,77.152176
141.800461,218.987915,65.727440,75.292847
170.657654,229.355408,67.642456,74.459061
208.205414,236.643890,65.884315,80.809433
221.820129,242.582260,65.611946,80.368614
2
0
0
0
0
1
134.325562,57.757603,71.122681,87.696037
143.301315,65.845573,69.616814,84.411545
150.642441,69.092453,68.623108,83.464714
150.800766,68.947525,68.460075,83.450157
154.147873,71.447128,66.129547,83.154808
163.682098,73.012192,62.754993,79.119339
183.373520,76.081177,61.176582,79.116676
191.367661,69.847710,55.978176,79.043686
187.196182,65.555763,54.711956,79.585678
180.044159,63.214451,54.636032,77.785225
173.565140,66.171768,54.506477,77.619812
170.709579,62.092350,54.143089,77.956169
151.397736,68.607773,55.634624,73.962143
132.512787,71.286011,57.642357,75.832741
121.573807,78.375687,60.407345,79.352539
118.148300,86.046753,60.030243,78.592506
108.504425,99.115044,62.345608,78.580643
98.959442,107.219772,65.693459,82.026070
92.007034,106.937714,68.367630,82.165062
89.958298,106.453354,69.081429,82.363335
92.870682,120.377060,69.815880,85.965881
91.209663,124.299347,72.851532,87.928276
89.414291,131.437042,74.058464,85.022301
101.098846,128.353745,72.438965,85.382225
108.397713,118.591324,71.637161,88.419678
104.446800,112.616531,70.718246,83.821037
99.718353,107.182060,68.427986,84.255783
94.944077,94.350876,69.531624,84.519814
