1
239.418869,163.642303,25.769024,62.970367
239.982300,166.588486,24.968666,63.384373
234.611145,163.947510,25.166605,64.684357
237.003555,172.076584,25.031414,60.617687
237.077820,176.602234,25.377644,60.181156
234.463898,185.205826,26.470911,62.572468
221.457886,190.949326,26.910156,61.631725
225.600006,202.000000,33.400002,66.400002
248.417496,229.929810,27.607143,63.028431
266.799988,244.199997,33.200001,66.199997
266.848114,220.222000,23.790493,72.368324
246.000000,226.199997,32.599998,65.199997
231.652359,226.001129,29.177485,69.560547
203.250290,238.647736,28.090860,73.851562
2
0
0
0
0
1
60.181347,268.589203,72.232887,66.030228
58.332321,267.017059,67.932892,63.308567
42.696930,255.812103,66.566467,68.040466
52.602360,248.469513,64.811577,64.373360
55.599998,230.399994,68.800003,65.400002
96.000000,235.399994,68.000000,65.000000
2
0
0
0
0
1
251.802811,268.099182,54.123142,54.710091
256.033142,270.231598,54.754807,54.150097
265.006531,274.801208,62.069572,55.344681
276.553528,276.754669,55.847958,55.329166
292.423035,280.527924,55.317348,54.929924
310.056610,287.693787,61.373806,54.334904
332.106262,290.892944,55.652634,54.459198
343.731628,299.045349,53.410336,54.136856
343.458191,301.653870,53.979881,56.247139
335.065033,305.044739,60.946129,55.482540
355.124268,312.327515,59.495167,57.979691
382.965210,329.390656,55.284733,59.394962
375.996490,326.964691,55.274643,58.095066
375.009521,318.984558,52.761608,58.541874
381.756714,322.640869,59.570347,60.286114
404.865875,331.359222,55.171871,59.576740
418.373535,333.026825,58.735073,62.390831
432.618347,333.799591,56.647713,63.791565
444.661438,348.405365,57.667328,67.432198
450.310577,353.337982,57.526310,64.963982
423.182098,343.872345,58.814873,66.909584
402.376373,322.774200,54.751637,68.928970
390.127960,300.519165,54.741051,64.914154
376.652557,286.758575,55.199909,63.408588
369.035461,277.224091,53.965080,62.766560
349.192291,271.828827,54.658512,61.249626
331.957031,265.241730,56.730419,61.110962
313.252777,262.404755,58.032883,59.152325
296.293060,257.480591,56.672714,60.853764
289.116119,247.654984,57.495167,62.188683
271.975220,238.060486,58.792076,61.219681
246.494919,222.678772,64.711273,62.028244
235.947937,207.684998,60.470100,64.839417
223.448471,198.078201,59.758881,67.101326
203.262497,191.779663,62.975468,66.477386
175.863770,178.159271,65.572678,67.126175
156.582870,162.176880,63.492138,70.144394
136.895264,155.584351,60.518803,67.774239
131.032471,152.765060,61.047390,66.849251
119.720421,138.134109,64.814224,67.466835
109.693939,130.525833,65.316956,69.982506
99.146317,137.141037,65.381645,73.006371
111.598808,152.101135,62.759663,77.621223
124.815842,179.255219,67.613060,76.587082
128.709396,179.661987,65.183708,77.338127
126.471756,162.691345,65.227386,76.204391
123.702805,165.159821,64.793732,75.192070
124.576721,179.811951,65.768799,73.134956
127.954765,201.196198,64.969467,73.202988
144.643860,218.301788,67.228439,74.504807
173.809387,229.840973,66.533867,67.644211
209.439301,237.520737,55.982899,70.497345
225.431885,241.607971,57.366592,70.060043
2
0
0
0
0
1
136.197784,59.754936,67.863029,86.715393
144.123871,68.401230,66.706268,80.712135
150.718826,71.832222,62.880177,79.454514
152.525970,72.764038,62.996269,78.449478
153.826233,72.434860,63.386040,79.317451
164.815704,73.330414,62.360081,81.142509
182.946701,75.206406,59.552559,79.812035
190.780396,69.498230,56.639118,81.163261
187.314896,65.813934,53.837551,79.367889
180.663589,63.597363,54.479500,78.422157
174.396194,67.883286,52.920788,78.015564
171.010132,63.354340,53.830067,77.489044
151.939026,69.072296,54.220413,75.377724
133.424576,72.122581,55.495766,77.727966
122.944656,79.701172,57.268223,78.393745
118.465973,87.512695,58.841217,77.084785
106.941086,101.385193,62.800026,78.655701
97.690735,109.755692,64.812988,80.641151
91.444717,110.007996,66.435577,81.275658
88.495605,108.802307,68.144592,79.952660
90.382149,123.253845,70.627579,83.580505
89.269562,128.385330,72.611542,84.919579
90.056763,132.008408,73.387543,85.325584
100.203102,129.253143,70.530716,87.806282
107.548492,120.817413,69.006775,87.265144
104.330139,114.286026,70.267708,83.086174
98.003510,110.801460,69.876770,82.944016
95.985764,99.334045,66.442070,81.367516
