1
240.137680,163.787201,24.784405,62.977444
240.234238,166.400116,24.335768,63.165543
235.386322,164.245636,24.582066,63.406769
238.031464,170.578110,23.596878,63.851460
238.298416,174.920334,23.132328,62.034027
234.962799,184.065628,25.152319,64.384804
222.734955,189.507950,26.255970,63.967079
225.800003,206.600006,32.000000,64.000000
250.800003,221.399994,31.600000,63.400002
269.399994,207.600006,31.600000,63.799999
2
0
0
0
0
1
124.323021,292.302551,60.642014,62.159119
103.805336,286.478485,57.659657,61.205334
95.352409,290.145905,57.655148,58.728420
76.815201,281.697418,56.955936,58.622452
62.912506,275.516602,57.684948,59.566128
61.599998,276.000000,61.599998,58.799999
42.208801,266.880646,60.115417,60.382786
57.020042,255.362244,51.833317,58.369560
91.859749,235.479141,55.195843,58.224266
122.203094,239.459656,63.076050,57.137928
151.000000,243.000000,64.400002,61.400002
186.800003,245.199997,65.000000,62.000000
231.096466,259.883301,54.577522,59.435791
234.722382,251.846893,53.112907,66.235489
242.214478,258.051788,57.893295,64.319351
248.808487,265.937073,61.046837,59.485622
252.141998,268.202087,62.703564,62.819572
259.939453,274.084351,62.111595,58.900627
268.583527,278.546661,58.863895,56.031914
279.907959,278.692902,60.290001,59.711288
291.626221,281.246002,63.053490,60.025692
317.284424,291.355469,59.075333,57.344467
335.564484,294.228394,59.319881,59.143711
348.209076,302.722656,58.529957,58.619129
347.075958,305.772949,59.369053,59.499611
343.836151,309.809967,60.216000,59.460571
363.365479,319.044312,57.617359,59.246750
389.334839,335.536652,58.227074,61.197521
382.099152,332.021912,59.901745,63.631996
379.277893,324.214935,58.338776,62.896400
392.157104,331.492798,60.008015,61.575050
414.931335,340.856384,57.831989,61.719200
434.348694,348.071411,56.635250,58.682430
447.214630,348.418701,56.954659,60.997234
460.481232,364.024048,58.505741,64.473846
463.176025,365.759277,58.191978,65.710663
436.789917,360.543243,57.932037,61.623119
418.330566,350.334229,52.199394,56.323204
403.447144,319.094147,55.660961,59.695766
390.881042,306.211853,54.701817,58.340729
382.232574,292.120483,54.735836,59.133106
355.812836,279.517731,61.050510,63.416241
344.271545,276.840088,57.524860,58.150795
323.735718,270.927673,57.906384,58.760250
308.892365,268.486786,57.480244,58.262928
298.679169,255.639313,61.763500,62.091309
286.567993,250.360565,57.046310,58.498425
262.539764,235.326477,58.535034,58.715698
244.107590,218.184631,62.221657,64.320236
238.862411,216.011505,59.544647,60.850307
217.169754,207.191895,60.181404,63.343960
192.050293,198.000534,59.992104,58.728085
171.976990,183.661926,59.756824,61.714390
147.465927,168.966248,59.977226,67.418289
146.193863,174.614426,56.041363,56.840477
135.433868,155.087860,59.603233,63.387428
125.416443,153.292587,56.336796,58.543816
111.998123,158.964996,57.476254,63.124722
123.209526,179.502716,57.568554,64.360649
130.771484,194.745575,63.906998,71.872459
139.551865,202.950470,62.607044,66.197739
127.666039,172.454773,64.233261,75.393448
135.330917,187.384354,62.295055,65.908180
137.717697,199.436920,62.924385,68.904190
137.017136,214.606262,63.400383,72.404091
153.796616,232.317123,67.001617,72.120087
179.060547,237.906555,65.469078,76.183594
218.655716,251.107132,59.015400,71.937660
2
0
0
0
0
1
153.819885,72.260857,32.031544,67.496292
144.641785,66.087433,38.741711,67.605644
155.089996,72.034286,36.695663,65.563942
160.810760,75.762100,37.360123,66.532974
162.410049,76.172325,36.936275,65.208054
164.211823,76.505234,36.697567,65.383209
174.183838,79.124336,35.555984,64.199097
190.872223,82.100822,37.902733,61.273777
201.055115,75.802391,32.281567,63.056408
197.422668,72.677345,31.746803,61.482975
191.120255,70.679291,30.491674,58.704308
183.418701,73.359009,30.735222,58.225163
180.732300,68.593811,31.789268,59.483009
160.604492,73.104118,33.354687,57.929508
142.276489,77.306442,30.737865,58.837791
131.411667,85.736824,31.697628,60.490284
127.259163,91.928596,34.310261,61.529984
116.569603,104.971436,35.136246,63.529053
107.423035,112.942001,37.453423,66.857689
101.273354,112.895844,38.061371,66.400215
99.679596,112.980507,37.961773,64.451675
102.924850,128.562698,37.532448,65.826668
102.517654,133.830078,38.494713,65.884239
103.961853,137.544540,38.284283,67.386810
112.812515,135.596115,38.371391,67.697746
120.708244,126.497391,37.628315,67.398399
114.049202,120.376457,39.279644,65.543320
109.397675,115.338203,38.581112,64.861252
107.583549,103.447273,35.176502,63.280743
