1
240.097244,163.382812,24.814119,63.597240
240.003860,166.398666,24.575043,63.500923
235.073792,163.722412,24.815657,62.842804
238.034561,171.238876,23.660191,62.368042
237.800507,175.592819,24.612873,62.214817
234.675186,184.174103,25.425623,64.071457
222.188019,190.026367,26.608051,61.560390
225.199997,205.199997,33.599998,67.000000
249.673676,229.249649,30.284733,62.480873
269.399994,233.199997,33.599998,67.400002
266.252747,219.667297,24.151731,69.213806
248.781815,227.003830,27.955280,66.497826
2
0
0
0
0
1
90.279373,287.796265,68.801811,63.929592
70.325409,276.731812,63.076912,65.409393
57.970448,270.971252,66.313744,68.033119
53.152962,265.298187,64.449997,69.093117
35.987324,261.669464,68.948311,67.996284
48.599998,243.600006,65.800003,66.000000
80.909058,225.872406,59.357231,66.393867
113.685806,234.778412,66.069672,61.225231
144.800003,232.800003,65.000000,65.199997
189.592529,253.522903,65.600418,56.395351
224.531525,259.991211,62.967598,60.190159
231.428040,247.472183,57.473148,70.232765
238.505539,255.844604,63.021332,67.654778
236.079102,258.699738,63.463322,62.133694
246.132935,264.932281,66.081360,67.030090
249.104599,269.528961,62.423248,61.027321
263.374359,274.131866,67.904350,63.129665
268.799896,274.297943,64.080467,62.586445
287.588013,278.572906,66.050980,65.171463
307.547211,287.500732,67.114479,61.569828
324.359497,287.791382,65.964859,64.666931
336.715485,297.114960,64.834846,64.317284
337.464874,299.556763,66.573532,66.531578
331.356079,302.504517,68.775925,65.311821
349.160736,310.715576,62.944981,64.505386
374.545197,325.044220,63.026596,67.658279
369.615601,323.408386,67.230865,70.299438
363.964233,311.660583,67.328156,71.062035
374.340302,316.774658,67.242783,70.070183
394.160706,323.419830,66.352974,73.009476
409.625610,326.122559,69.943108,75.394936
425.418823,326.731628,66.506332,75.426689
435.107666,343.052551,63.605236,72.245354
439.356415,344.955414,65.145309,75.070549
413.152954,332.282593,67.880524,80.007919
390.088409,312.441620,63.991657,77.925644
380.809540,292.024200,65.327286,78.418167
368.189178,281.602753,65.833626,76.286186
359.811340,271.045837,67.485672,74.781479
340.327820,266.092133,66.395096,72.480721
323.533356,260.045380,69.357590,73.025818
308.318176,258.195190,67.822792,70.587860
288.946045,253.686493,67.932320,71.140373
282.112976,244.195770,68.445641,72.027832
262.619049,235.920334,62.542545,64.387733
242.815781,220.245544,69.492523,71.080261
228.973892,208.693680,68.819725,71.843628
216.530823,200.142593,68.178612,71.854858
194.566772,187.735352,70.451790,74.324348
168.614120,174.437592,70.032928,74.844757
149.886276,161.875336,68.536980,75.788101
130.260315,153.048630,67.646469,76.361328
125.010574,148.019760,68.975700,78.145226
115.527054,133.319077,67.773865,75.757973
103.640030,126.311218,74.016052,80.185921
94.297668,130.705032,70.974640,83.782768
105.492805,147.500671,69.264145,86.807205
121.159904,178.563522,73.159592,82.506279
122.342667,175.660538,69.845337,87.284485
120.399918,158.245743,70.942535,86.760948
116.101974,160.094238,72.561829,87.886627
118.649277,177.328400,74.768524,86.943207
121.780067,195.306061,71.852463,88.270248
138.585754,216.497604,72.148102,80.524330
169.435669,229.297668,69.889053,76.347786
203.539948,232.031525,65.616631,83.438782
219.026886,239.221008,65.388168,80.703072
2
0
0
0
0
1
134.549805,58.552170,71.268631,86.238892
143.034958,65.987244,70.693932,82.763397
150.194214,68.761337,69.041473,83.062866
151.891876,71.202705,66.722221,78.278625
152.698410,71.224922,67.422783,81.631775
163.335144,72.973877,65.023705,79.022606
183.285416,74.560455,61.626518,81.871521
191.977219,68.955063,55.616699,81.763741
187.389709,66.098206,54.805225,80.359673
181.309418,63.463352,53.413948,80.469246
174.659363,65.008408,53.373516,80.832680
170.759949,62.777637,54.320194,81.605827
150.229370,67.951797,59.035866,78.260353
131.528488,72.717239,59.060139,77.465401
121.225021,78.306717,61.338509,78.779778
116.049271,87.479393,63.392151,76.764313
107.512558,100.930016,63.706963,77.353378
97.690857,107.539314,66.786842,80.642410
90.324463,108.153183,69.201881,78.477791
87.522720,107.473465,70.763992,80.918571
88.043961,122.632294,72.297623,82.947899
88.383545,126.658035,73.827904,84.276360
88.068695,132.203339,75.313301,83.751808
100.701225,128.809601,73.294785,86.001511
108.600372,119.590363,71.804985,86.098427
101.333382,113.569908,74.881363,85.305496
98.645905,108.712723,71.108559,83.133247
95.339081,96.050369,69.790581,83.951477
