1
398.000000,186.000000,36.000000,30.000000
398.000000,186.000000,37.000000,30.000000
398.000000,186.000000,38.000000,31.000000
399.000000,186.000000,36.000000,31.000000
399.000000,185.000000,38.000000,31.000000
400.000000,186.000000,35.000000,29.000000
399.000000,186.000000,36.000000,31.000000
400.000000,186.000000,35.000000,30.000000
401.000000,186.000000,34.000000,30.000000
401.000000,185.000000,35.000000,32.000000
400.000000,185.000000,34.000000,31.000000
401.000000,185.000000,35.000000,30.000000
400.000000,185.000000,35.000000,30.000000
400.000000,185.000000,35.000000,31.000000
400.000000,185.000000,35.000000,30.000000
399.000000,184.000000,36.000000,31.000000
399.000000,185.000000,36.000000,30.000000
399.000000,183.000000,37.000000,31.000000
400.000000,183.000000,36.000000,31.000000
397.000000,183.000000,37.000000,30.000000
399.000000,183.000000,37.000000,30.000000
399.000000,182.000000,37.000000,31.000000
400.000000,182.000000,36.000000,32.000000
398.000000,182.000000,38.000000,31.000000
399.000000,182.000000,37.000000,31.000000
399.000000,183.000000,35.000000,30.000000
399.000000,183.000000,36.000000,30.000000
400.000000,184.000000,35.000000,28.000000
399.000000,184.000000,35.000000,28.000000
399.000000,184.000000,36.000000,28.000000
399.000000,183.000000,37.000000,29.000000
399.000000,183.000000,36.000000,27.000000
400.000000,184.000000,35.000000,27.000000
398.000000,183.000000,38.000000,28.000000
399.000000,184.000000,37.000000,28.000000
399.000000,184.000000,36.000000,27.000000
399.000000,184.000000,38.000000,29.000000
398.000000,185.000000,37.000000,28.000000
398.000000,185.000000,38.000000,28.000000
400.000000,185.000000,35.000000,29.000000
399.000000,185.000000,35.000000,28.000000
399.000000,185.000000,34.000000,29.000000
398.000000,186.000000,34.000000,28.000000
398.000000,186.000000,35.000000,28.000000
398.000000,187.000000,34.000000,28.000000
396.000000,187.000000,36.000000,27.000000
397.000000,187.000000,36.000000,28.000000
396.000000,187.000000,36.000000,28.000000
397.000000,187.000000,34.000000,28.000000
397.000000,187.000000,34.000000,28.000000
395.000000,187.000000,35.000000,27.000000
396.000000,186.000000,35.000000,28.000000
395.000000,186.000000,35.000000,28.000000
396.000000,186.000000,34.000000,29.000000
395.000000,186.000000,35.000000,28.000000
394.000000,186.000000,33.000000,30.000000
394.000000,186.000000,34.000000,30.000000
394.000000,186.000000,35.000000,29.000000
393.000000,187.000000,35.000000,29.000000
393.000000,187.000000,35.000000,28.000000
393.000000,189.000000,34.000000,27.000000
393.000000,189.000000,35.000000,27.000000
393.000000,189.000000,35.000000,27.000000
393.000000,190.000000,34.000000,27.000000
392.000000,190.000000,35.000000,27.000000
390.000000,190.000000,36.000000,27.000000
390.000000,189.000000,36.000000,27.000000
390.000000,190.000000,35.000000,26.000000
390.000000,189.000000,36.000000,27.000000
388.000000,188.000000,37.000000,28.000000
391.000000,189.000000,34.000000,27.000000
390.000000,190.000000,34.000000,27.000000
389.000000,190.000000,34.000000,27.000000
386.000000,190.000000,36.000000,28.000000
385.000000,189.000000,37.000000,29.000000
384.000000,189.000000,35.000000,29.000000
386.000000,190.000000,34.000000,27.000000
383.000000,189.000000,34.000000,29.000000
382.000000,191.000000,35.000000,27.000000
381.000000,190.000000,34.000000,29.000000
381.000000,189.000000,35.000000,29.000000
379.000000,189.000000,35.000000,29.000000
378.000000,189.000000,35.000000,29.000000
378.000000,191.000000,35.000000,29.000000
378.000000,191.000000,34.000000,29.000000
377.000000,191.000000,34.000000,29.000000
376.000000,191.000000,34.000000,29.000000
374.000000,192.000000,35.000000,29.000000
375.000000,193.000000,34.000000,27.000000
373.000000,192.000000,35.000000,30.000000
373.000000,192.000000,34.000000,28.000000
372.000000,191.000000,35.000000,29.000000
371.000000,191.000000,35.000000,29.000000
367.000000,191.000000,37.000000,30.000000
369.000000,190.000000,34.000000,29.000000
365.000000,190.000000,36.000000,30.000000
366.000000,192.000000,35.000000,30.000000
364.000000,192.000000,35.000000,31.000000
363.000000,192.000000,36.000000,31.000000
359.000000,191.000000,38.000000,32.000000
359.000000,192.000000,35.000000,31.000000
360.000000,193.000000,36.000000,31.000000
358.000000,193.000000,36.000000,31.000000
356.000000,193.000000,37.000000,30.000000
354.000000,193.000000,37.000000,31.000000
352.000000,193.000000,37.000000,30.000000
352.000000,194.000000,37.000000,32.000000
350.000000,193.000000,38.000000,33.000000
350.000000,195.000000,38.000000,32.000000
348.000000,196.000000,39.000000,33.000000
346.000000,197.000000,38.000000,32.000000
346.000000,197.000000,37.000000,32.000000
345.000000,197.000000,37.000000,32.000000
344.000000,197.000000,38.000000,33.000000
342.000000,197.000000,39.000000,32.000000
340.000000,197.000000,41.000000,34.000000
338.000000,197.000000,41.000000,34.000000
339.000000,197.000000,39.000000,32.000000
338.000000,197.000000,38.000000,31.000000
334.000000,197.000000,40.000000,33.000000
334.000000,198.000000,40.000000,33.000000
332.000000,198.000000,38.000000,33.000000
329.000000,199.000000,39.000000,33.000000
329.000000,200.000000,38.000000,32.000000
326.000000,199.000000,38.000000,33.000000
324.000000,199.000000,38.000000,33.000000
324.000000,199.000000,37.000000,32.000000
325.000000,199.000000,38.000000,32.000000
323.000000,199.000000,38.000000,32.000000
322.000000,197.000000,38.000000,34.000000
321.000000,197.000000,38.000000,33.000000
319.000000,198.000000,39.000000,35.000000
316.000000,197.000000,40.000000,36.000000
319.000000,198.000000,38.000000,34.000000
312.000000,199.000000,40.000000,36.000000
314.000000,200.000000,39.000000,34.000000
312.000000,199.000000,38.000000,34.000000
311.000000,200.000000,38.000000,34.000000
307.000000,201.000000,39.000000,34.000000
309.000000,201.000000,38.000000,35.000000
308.000000,200.000000,38.000000,34.000000
304.000000,199.000000,39.000000,35.000000
307.000000,199.000000,39.000000,33.000000
304.000000,200.000000,39.000000,34.000000
306.000000,199.000000,37.000000,34.000000
302.000000,200.000000,37.000000,33.000000
301.000000,201.000000,36.000000,33.000000
300.000000,202.000000,34.000000,31.000000
299.000000,203.000000,33.000000,30.000000
297.000000,202.000000,34.000000,32.000000
295.000000,202.000000,34.000000,32.000000
293.000000,203.000000,34.000000,32.000000
290.000000,201.000000,36.000000,33.000000
289.000000,201.000000,35.000000,34.000000
286.000000,201.000000,36.000000,35.000000
282.000000,201.000000,36.000000,34.000000
277.000000,201.000000,38.000000,34.000000
278.000000,201.000000,36.000000,35.000000
277.000000,202.000000,36.000000,34.000000
275.000000,203.000000,34.000000,33.000000
273.000000,203.000000,34.000000,33.000000
271.000000,203.000000,33.000000,33.000000
267.000000,203.000000,35.000000,33.000000
266.000000,202.000000,36.000000,33.000000
264.000000,202.000000,35.000000,33.000000
257.000000,201.000000,38.000000,36.000000
258.000000,201.000000,38.000000,33.000000
255.000000,202.000000,37.000000,35.000000
254.000000,202.000000,36.000000,34.000000
251.000000,201.000000,38.000000,38.000000
249.000000,203.000000,37.000000,36.000000
247.000000,204.000000,36.000000,35.000000
244.000000,204.000000,38.000000,34.000000
241.000000,203.000000,39.000000,34.000000
240.000000,203.000000,38.000000,34.000000
237.000000,201.000000,40.000000,36.000000
233.000000,200.000000,41.000000,37.000000
231.000000,200.000000,41.000000,37.000000
227.000000,201.000000,43.000000,38.000000
226.000000,200.000000,41.000000,38.000000
223.000000,201.000000,42.000000,38.000000
220.000000,202.000000,42.000000,37.000000
217.000000,203.000000,43.000000,37.000000
217.000000,202.000000,42.000000,39.000000
218.000000,201.000000,43.000000,40.000000
214.000000,204.000000,43.000000,38.000000
210.000000,201.000000,45.000000,40.000000
205.000000,202.000000,46.000000,41.000000
204.000000,202.000000,46.000000,41.000000
199.000000,204.000000,43.000000,40.000000
197.000000,204.000000,43.000000,40.000000
193.000000,207.000000,42.000000,39.000000
187.000000,207.000000,44.000000,40.000000
186.000000,207.000000,44.000000,41.000000
186.000000,206.000000,43.000000,42.000000
184.000000,211.000000,39.000000,37.000000
181.000000,212.000000,39.000000,36.000000
179.000000,210.000000,40.000000,38.000000
177.000000,210.000000,39.000000,37.000000
170.000000,209.000000,42.000000,39.000000
172.000000,209.000000,39.000000,38.000000
169.000000,209.000000,39.000000,38.000000
168.000000,210.000000,38.000000,37.000000
165.000000,208.000000,39.000000,37.000000
160.000000,208.000000,40.000000,39.000000
156.000000,210.000000,41.000000,38.000000
155.000000,209.000000,41.000000,38.000000
155.000000,210.000000,39.000000,37.000000
152.000000,211.000000,40.000000,37.000000
150.000000,210.000000,39.000000,38.000000
148.000000,209.000000,40.000000,39.000000
144.000000,209.000000,39.000000,39.000000
144.000000,209.000000,40.000000,39.000000
141.000000,208.000000,38.000000,39.000000
140.000000,208.000000,38.000000,38.000000
138.000000,207.000000,39.000000,39.000000
134.000000,206.000000,39.000000,38.000000
133.000000,207.000000,39.000000,37.000000
130.000000,207.000000,40.000000,39.000000
127.000000,208.000000,39.000000,38.000000
127.000000,208.000000,39.000000,38.000000
124.000000,207.000000,38.000000,38.000000
122.000000,206.000000,39.000000,39.000000
119.000000,209.000000,39.000000,36.000000
117.000000,209.000000,40.000000,37.000000
113.000000,208.000000,42.000000,38.000000
113.000000,208.000000,43.000000,38.000000
109.000000,208.000000,43.000000,39.000000
107.000000,210.000000,42.000000,39.000000
103.000000,209.000000,41.000000,40.000000
100.000000,209.000000,45.000000,41.000000
99.000000,211.000000,44.000000,40.000000
95.000000,211.000000,45.000000,43.000000
94.000000,211.000000,43.000000,42.000000
90.000000,212.000000,44.000000,43.000000
89.000000,210.000000,44.000000,43.000000
83.000000,211.000000,45.000000,44.000000
82.000000,211.000000,44.000000,43.000000
80.000000,211.000000,45.000000,42.000000
76.000000,211.000000,47.000000,42.000000
75.000000,210.000000,48.000000,41.000000
72.000000,211.000000,45.000000,41.000000
71.000000,211.000000,45.000000,40.000000
68.000000,212.000000,45.000000,41.000000
65.000000,212.000000,43.000000,41.000000
61.000000,213.000000,42.000000,41.000000
57.000000,212.000000,44.000000,41.000000
57.000000,213.000000,43.000000,39.000000
52.000000,212.000000,45.000000,40.000000
51.000000,212.000000,43.000000,40.000000
