1
627.608093,276.742554,154.310593,95.214355
631.445801,278.151123,154.608719,94.425591
633.406433,277.650299,155.780609,95.173645
638.211914,277.785156,155.292130,96.030563
639.309875,277.746307,157.395035,97.533081
642.378052,279.325195,156.468903,95.754120
643.589600,278.820801,156.788834,97.748856
644.559326,279.793213,159.334579,98.088539
645.009888,281.738098,160.501312,97.235519
644.480652,282.366516,161.039078,97.047073
645.331177,282.615173,161.504044,97.405830
646.742981,281.857361,161.906479,98.657013
644.001648,281.821198,161.648315,100.712585
647.593933,283.632477,160.087189,100.110886
649.215576,283.726440,162.566086,100.527145
650.246033,285.631317,164.052612,101.388847
650.315247,287.476715,166.659943,101.187943
652.305481,287.991913,169.598770,102.321297
652.094910,290.544678,172.155518,101.959167
656.767273,291.603638,168.935745,102.416962
654.481323,289.719971,174.973663,108.442284
654.763611,291.357300,176.391861,107.206932
654.834534,292.648376,175.359726,108.328148
653.802734,292.112854,179.388428,109.522453
652.551941,292.196930,183.522720,112.179184
649.592346,293.189667,187.568283,111.939835
648.562744,294.341492,188.440399,112.113739
649.014099,294.317749,187.818314,113.257561
647.269348,294.622192,190.530746,114.141876
650.168640,295.529938,186.244370,113.196663
648.652161,296.924103,189.807739,113.421654
648.802124,297.978424,193.252014,112.663956
650.356018,299.695374,190.434799,112.347084
649.562195,298.989563,195.953293,114.700104
647.683594,299.634399,195.390503,113.709564
648.807251,301.347382,193.733948,114.316719
648.498291,297.628235,197.846909,118.477669
642.041016,302.151733,203.190277,114.794571
641.665710,302.432526,202.218307,115.585464
638.509094,303.155914,208.277191,114.561455
641.489197,301.885559,204.874649,117.188812
635.988159,302.948456,205.299774,115.558029
626.450500,304.786621,212.637405,113.429176
624.357422,301.176361,217.059799,117.643913
632.500244,301.656982,211.949081,119.743988
627.586121,302.607056,215.658249,118.306671
633.506470,301.889343,209.624329,119.367722
629.245667,301.982544,216.928589,120.096901
633.865479,301.780670,208.139862,120.456978
631.697205,302.168091,209.133057,119.290474
631.008362,301.949951,208.868698,118.731155
626.746277,301.699524,216.709839,122.065994
632.831055,302.906494,207.890671,119.719521
621.320862,304.023499,220.921982,120.746597
621.375916,302.881195,219.970428,120.193924
630.010742,300.450775,214.973465,124.377319
626.965576,300.931549,212.638000,121.822014
624.005371,299.404236,214.165833,120.752708
636.219971,299.794525,206.331696,125.977676
625.901428,298.204590,210.329941,127.705612
626.076660,295.157654,209.242508,126.715775
622.612915,293.956390,218.117294,129.852219
637.891418,294.659943,205.534149,132.239258
637.691772,294.629028,204.146332,129.537933
623.514526,290.323669,221.783875,134.598129
621.327332,291.428345,225.663986,131.855331
634.039795,290.816101,210.722092,132.900543
625.073608,289.962891,224.942459,135.761505
628.763123,292.213928,216.191986,131.891769
633.298340,290.734039,217.463547,136.727737
635.425110,291.538116,213.594604,134.738174
628.833618,291.519348,215.516708,133.312698
635.207031,290.945984,214.900482,134.989105
646.027161,291.724548,202.420746,134.524750
625.952637,293.819672,228.801575,136.527542
631.684937,290.375519,212.480530,134.611755
624.495789,296.170959,229.676270,137.275925
630.967957,290.927948,220.625351,138.338318
630.486023,290.039886,224.051605,141.958725
623.331055,289.632568,234.076752,144.402756
633.659302,290.379150,221.504089,143.058746
632.366516,291.681396,223.422760,142.459351
617.746338,293.443024,240.645157,146.086975
633.347656,290.048340,226.090088,145.563507
637.703369,288.575073,221.035538,147.858200
628.730835,291.696167,231.654602,145.486603
630.820190,290.320801,231.576263,147.353790
623.766174,290.588318,235.503204,147.398575
626.588989,291.109558,231.684464,147.489777
625.779419,294.112854,245.203659,152.079422
624.289124,291.093933,239.649933,151.424591
626.523071,292.147888,237.814667,151.615021
628.588440,292.427734,241.439865,153.171326
623.996826,294.861420,253.977310,155.960800
613.616943,293.826477,265.612640,157.616470
617.342529,292.448059,256.870361,155.655762
630.264893,289.673431,239.863312,153.354370
634.376465,289.202606,238.143341,151.962891
625.895630,288.349854,249.045593,157.934860
629.255066,287.508545,245.090103,157.098953
620.540100,284.283203,251.643509,160.947311
619.232300,283.425507,259.947266,161.767349
620.324463,286.718262,266.144440,164.331055
631.014893,281.784760,242.014236,162.544083
624.523682,280.516296,257.573608,165.688354
620.650391,281.764374,260.227478,167.081497
630.511658,278.866882,242.348831,162.981598
617.391541,275.240295,262.474976,171.689011
605.637695,278.966309,277.919983,170.636932
617.940796,276.734497,263.487427,172.181122
604.999512,271.178833,276.748383,179.006729
607.057800,273.885254,275.267426,178.057571
593.289673,276.718933,291.621765,177.880447
607.076843,274.489502,268.968628,179.382736
588.023987,273.368927,292.335297,181.858398
595.980713,270.881653,291.363525,180.461777
588.986084,270.556458,303.100525,183.745041
595.739929,271.469788,285.027344,184.877228
593.547119,270.841431,287.742004,186.804504
590.462463,270.568665,294.047760,183.256882
588.180359,268.331909,299.217682,189.235489
587.300293,269.532257,297.284119,190.030029
577.380432,264.950104,315.934723,188.852005
582.327454,265.940247,305.142731,187.890106
580.238831,265.921875,306.337280,189.309570
595.088684,265.068542,291.712494,189.461700
599.107056,266.408417,285.027954,194.223389
601.005066,264.900024,285.080292,190.655045
577.145569,260.310822,317.575806,195.278580
580.404846,257.009216,307.495239,201.471832
585.904846,258.690186,294.992706,199.697784
600.068298,260.436890,281.134674,203.827881
581.219604,259.251404,312.998474,210.800751
599.476074,259.873871,288.060577,202.462158
587.508484,253.954315,297.307526,207.259949
574.889282,254.426208,331.052612,215.896118
598.441345,259.168854,298.887909,214.632385
572.003845,255.191742,335.491364,217.530533
569.539490,253.252457,342.350830,222.672455
569.536743,250.651215,359.017517,225.883423
571.016479,251.765976,346.333466,223.535370
567.264526,249.138885,356.534119,227.936874
555.883301,246.488800,376.860046,227.182251
563.014038,251.034012,367.872314,230.595428
562.208740,252.458984,373.770660,231.055527
581.494629,252.183472,335.065460,230.266235
564.406616,252.603531,365.044556,243.936249
566.830566,245.057617,360.618530,244.973755
542.115662,250.428070,389.943481,243.520004
550.799316,249.506378,385.994965,254.952133
563.054016,253.435944,374.414917,251.008713
557.743713,247.999329,378.246002,254.284225
542.039795,248.860443,389.423309,258.654297
564.211670,242.277420,384.234924,270.385040
544.535461,249.203125,398.245514,265.386963
577.914124,257.184937,368.446259,268.661652
561.944275,253.191116,382.267609,272.405853
564.592712,254.268112,380.954315,277.747101
558.862061,257.118958,379.410980,277.958618
562.070312,264.112122,373.475983,271.180878
567.589600,260.908936,373.388367,284.470123
566.393127,269.183777,374.611237,278.601044
569.582642,268.646912,371.842468,281.959351
578.317078,273.646912,362.435394,281.573944
572.209961,284.998779,355.836182,274.461395
573.074280,265.074524,372.516693,303.499237
570.697571,279.792847,369.799835,290.899109
569.739136,272.364410,375.332336,304.605164
568.128174,291.076324,387.333313,297.491150
573.702515,306.017883,381.816711,282.986450
565.187378,284.082123,383.235046,309.287476
572.367493,298.316040,396.046478,300.952148
573.786560,312.117950,364.714081,282.813416
564.151489,307.664734,379.767395,295.181793
578.236389,315.065155,379.671509,291.562683
577.925903,312.895264,394.616730,301.669281
560.833618,288.967468,412.895935,332.238220
564.645996,260.730591,416.875122,358.408752
530.789368,224.641281,396.140839,316.270782
573.848450,280.133240,446.453705,361.705170
557.121216,233.853134,377.962219,323.101227
558.566040,229.854767,389.822876,340.832092
561.206848,239.773834,397.637085,351.914368
556.763672,244.345764,392.317078,342.851562
560.770081,247.159622,385.320923,331.886749
555.839722,247.476791,389.444794,333.113922
550.101257,231.197388,400.951172,361.112976
558.286194,239.448364,378.979706,337.935303
541.900146,252.430832,440.652740,385.879791
539.749939,256.805969,447.621307,369.798248
535.576660,276.982971,447.070526,382.347778
559.804504,292.640045,416.171509,370.405884
553.870667,294.591644,428.227203,377.352112
579.721130,316.077209,419.677338,364.480743
572.376465,311.358246,420.833801,364.004028
585.086121,348.170959,417.236206,352.803558
582.864319,360.310028,433.423340,346.797180
562.528198,400.008362,465.390839,337.671417
589.293274,351.016876,412.291718,335.256287
599.645752,357.858795,399.168396,329.766541
592.591919,396.283081,428.258911,330.828369
601.542053,402.481628,410.296875,323.156647
601.631714,409.916443,423.677917,326.530273
591.925049,426.847626,411.790222,308.259949
572.599976,418.000000,451.000000,282.600006
616.400879,427.282593,389.122864,301.405426
613.757080,430.548553,402.957306,301.889954
605.439758,409.858948,403.813354,307.268188
605.794678,403.794647,427.139343,314.239929
601.217896,443.266174,444.893494,295.738739
609.987427,437.270416,420.490173,298.872864
602.352539,446.217346,433.058136,298.047852
602.840393,451.514862,421.703613,292.103455
608.846313,437.315979,400.747498,294.393921
615.368042,421.772400,379.287476,297.812714
586.490662,433.768311,434.050323,305.285767
596.989685,409.385864,418.856354,316.724335
608.190063,424.397156,380.389496,294.831299
605.115784,433.263489,392.203979,294.651001
572.451355,393.913696,403.316010,317.685089
566.807373,404.873230,394.368347,312.637939
559.510803,412.610046,404.163483,311.076630
540.306519,409.401306,402.887573,307.234009
533.472412,413.709869,414.009155,301.678406
509.497192,427.357788,438.248199,301.207306
524.593079,426.229370,405.486359,290.170624
570.524780,302.814331,390.557709,289.305237
556.165894,309.097961,397.637390,290.954010
543.949219,324.666443,407.094910,303.807861
544.761963,312.250000,407.416687,298.750824
539.258362,325.986115,415.619873,300.904968
535.569458,324.620239,408.133484,297.879303
535.708435,331.081543,430.090851,302.321259
514.390198,338.638489,436.412201,310.128937
536.195496,345.905212,407.853546,282.792114
538.222961,337.751404,399.757294,279.356415
565.892822,260.598114,373.943054,289.922302
572.805176,246.460846,357.190063,287.408142
561.036743,276.771210,369.135498,289.679077
557.332397,269.567902,371.486359,301.069336
568.720459,286.925415,345.419891,280.133575
566.059814,313.228912,357.336365,278.738342
561.781555,283.005341,357.629486,293.675842
554.418579,293.099976,369.555023,298.138336
544.821716,315.628967,386.080536,305.830322
557.865479,248.144684,347.006165,304.948914
572.393555,258.949646,330.906555,293.338898
565.958252,257.929077,342.570007,307.031769
573.747009,252.839645,326.676025,304.309479
582.659485,251.151367,321.416473,299.847046
584.575562,259.831299,316.433075,300.444733
587.749207,268.773895,309.893311,305.646667
584.032349,267.706848,331.091614,320.796814
585.445251,269.658691,324.692749,308.674072
585.247986,285.034302,331.556915,318.538910
597.532593,291.783081,307.307281,295.313568
598.323669,302.566040,312.147949,284.456177
597.010620,314.643860,318.202942,294.201355
599.701294,323.095947,322.206696,291.268738
591.921997,339.127625,341.043396,311.900177
594.049866,338.403656,332.966949,312.139160
596.472351,346.220306,334.234100,309.701538
598.054443,361.074402,334.826721,309.075348
589.182861,362.736145,354.032532,315.745636
585.713501,371.809326,376.940735,333.395294
604.553955,380.962250,341.180359,312.646423
615.918091,394.625671,332.697845,296.438568
617.623047,399.142548,352.718292,306.638367
579.794189,399.094910,423.726807,322.636078
574.455383,413.619629,435.834076,309.103546
566.635986,411.549225,448.855225,311.785217
585.280701,414.924805,420.320099,302.666168
599.250000,421.961792,411.172302,290.946259
609.791016,422.761902,384.199921,268.951904
650.577515,429.608154,345.908020,245.677475
592.302429,427.380432,417.276276,269.681885
623.797852,423.321777,388.432190,253.506073
638.623047,419.318115,381.049744,252.538116
612.324097,416.922302,411.428375,260.662811
643.236938,403.316925,380.804382,245.676834
640.758301,417.588440,402.593353,261.821991
630.863586,428.865265,379.805542,239.801346
641.970825,432.032654,367.032043,230.511139
636.057739,429.257629,372.365356,227.953094
639.821045,435.929626,374.175568,230.097076
643.790833,422.726898,381.011993,228.587967
656.160278,413.474121,374.577362,216.307144
652.481567,404.646667,386.204529,227.251434
645.323242,400.552673,394.106842,243.317383
662.497314,392.746948,380.634705,237.210800
