1
628.642883,276.179901,153.447617,96.885330
631.200562,277.750793,153.884674,94.437874
633.761292,276.907959,156.159164,96.887955
636.963013,278.070099,155.724060,95.983894
639.889099,277.868652,157.862106,96.270294
640.586182,278.080719,160.592392,98.206688
642.924011,279.102783,156.869232,97.364838
642.428955,279.882263,161.151215,98.091782
642.293945,280.728210,162.045288,98.255096
642.509460,280.861145,161.856491,98.402435
642.105530,281.581940,164.425674,98.837601
642.476257,281.105865,165.106613,100.045616
644.988770,281.441040,162.959946,100.406113
644.673096,282.004700,165.846863,102.149750
646.615967,283.652893,164.331879,100.706642
647.333740,285.115967,166.075134,101.599518
650.245850,285.172028,167.384506,104.202553
650.410400,286.739716,171.276474,104.908752
652.475769,288.901306,171.162262,104.432915
653.996338,289.232574,173.781815,105.381836
652.032410,288.340759,178.533035,109.498413
653.463135,290.418518,177.559967,108.193153
655.664734,292.686462,173.991608,106.521355
653.843079,291.655426,177.760483,109.956787
650.777466,291.220459,185.479187,112.896385
648.982788,293.792450,187.532166,111.262741
648.945618,293.098877,187.343842,112.863251
645.660278,294.204224,192.678894,113.801399
647.291443,292.484009,190.472275,116.577011
650.498840,292.633881,186.792862,117.994675
646.069580,293.893188,195.081238,118.086266
647.448730,296.401611,195.781189,115.663315
650.377258,297.243774,181.665070,112.223145
650.747925,297.061005,192.792953,116.596878
650.687378,298.472107,196.085068,116.188828
649.621094,300.260406,191.936096,115.257492
645.536133,299.707520,199.684906,116.588425
643.026733,300.696777,197.576294,114.849884
643.364746,300.282867,199.846878,117.557365
635.582642,301.052643,209.430222,118.499718
632.966003,302.341187,208.722168,115.812744
633.591309,303.161224,202.578674,114.494362
627.048218,303.899658,209.101486,114.537834
630.105957,300.710510,209.945297,118.387512
620.886597,303.557587,210.757675,115.784607
629.515686,301.710571,208.379150,118.805511
632.505493,300.958679,202.426529,118.927727
627.112183,301.021545,209.147888,120.678772
633.273254,301.123840,196.964569,119.587784
627.703430,301.672760,208.923813,121.748268
633.807983,301.556366,199.260422,119.833382
634.035400,302.844788,198.588593,118.859154
629.361938,303.119995,202.044907,118.755348
628.042480,302.871338,202.969788,120.559059
632.474426,302.251404,201.230804,120.706177
625.699768,304.449066,207.585815,119.498611
627.957092,300.298462,206.522232,122.553123
625.307617,301.460022,204.520432,119.702171
625.075012,298.728638,206.151413,121.487129
625.445374,297.665009,206.778046,127.046043
622.749939,296.051208,211.404800,128.515305
636.289551,294.447693,197.458954,128.605484
627.971069,292.806976,205.384323,131.024704
631.091797,294.393127,208.516312,131.694763
640.695801,293.230469,199.987091,135.938385
644.033081,294.447693,198.836533,132.584549
632.000244,291.363647,210.662979,130.362610
629.165649,288.841248,215.578445,134.035355
645.538757,292.774719,202.970978,134.918274
638.065186,289.335297,209.241150,136.835434
644.701294,290.309143,203.522934,135.715179
635.998901,289.389587,213.833969,137.745804
629.012817,290.245392,216.364990,136.467178
636.799438,289.168365,212.390167,137.980789
630.852844,291.869202,218.442856,140.414169
637.893616,290.211517,211.442520,139.651108
632.113220,293.426392,215.178909,139.808701
641.082825,291.389771,211.018951,139.923553
643.195679,290.634613,202.157944,137.027786
642.486267,291.309601,209.602325,141.311905
637.575134,291.993713,212.253464,139.662018
637.879883,291.219604,209.201126,138.335739
636.367004,290.563843,209.782501,139.294632
621.835510,290.780853,233.741974,144.319092
638.749634,291.599121,214.065125,143.949783
630.751160,290.299042,223.178238,143.606018
627.696228,290.297119,226.666855,143.034515
630.077087,291.011169,228.160492,146.446106
626.510803,291.986847,233.968765,146.172058
622.673950,291.494934,240.471695,148.430634
626.953979,295.400055,236.034363,148.294739
635.272644,293.963989,225.642670,150.129135
623.002197,293.165527,239.557419,150.234253
638.414734,292.321960,227.142807,151.398941
633.460693,291.398590,233.992264,151.988281
631.998657,293.568176,230.903717,149.745544
627.295898,288.448608,236.217468,153.457611
631.654846,287.943542,226.872787,150.407211
620.364502,287.177002,248.498825,157.523865
636.816284,289.506195,229.504700,152.283340
619.336548,287.470734,247.073898,157.123886
621.617859,283.706726,246.287262,158.666168
626.632080,285.762024,239.826920,157.395615
620.483887,285.593811,248.933823,162.927567
639.577148,279.215973,229.537537,167.512100
622.276062,278.937500,245.936630,164.923599
651.807739,281.504028,215.654205,158.017014
630.000916,277.492188,241.864090,168.198608
625.228516,277.291779,248.608902,164.168076
624.780212,276.690094,244.250290,170.378586
634.822144,272.126587,231.038834,172.118469
613.250000,270.931976,251.499451,175.516068
632.598938,269.049683,232.117874,175.361343
608.707397,272.274597,251.436325,174.262177
617.656616,273.361572,248.002716,174.505554
638.985535,276.741547,226.682358,169.273071
616.891357,267.320221,248.876099,182.050613
610.113342,273.839294,255.018707,178.845612
612.981262,268.530029,251.060257,177.840744
584.149780,273.086761,282.354828,183.175613
609.902283,271.000000,257.372223,183.558853
606.647400,268.236084,261.725861,183.322113
587.687012,267.703461,284.030273,188.718628
603.094543,267.254852,260.913971,184.723557
587.330933,270.820557,294.190338,187.817963
612.808960,270.009583,262.747803,187.134430
607.914612,266.741333,271.143066,189.380341
595.462036,265.465088,280.666443,190.490814
590.144104,259.138275,293.078491,193.203262
585.774170,262.909607,296.436707,198.002335
600.665894,261.006836,274.403442,197.196747
593.869446,260.804993,293.412994,199.423889
590.018494,258.284424,299.958008,203.255951
583.191345,260.277130,306.644897,207.659409
588.127625,258.976257,302.135284,208.571655
578.402710,260.465149,312.037140,207.974854
590.104431,255.540909,298.534058,211.311005
589.453247,261.235474,302.991974,209.497162
569.316040,261.589294,337.404480,215.529968
590.004944,256.206818,310.087372,217.802368
576.601440,259.547791,327.235199,224.160141
571.680176,254.419861,336.672089,224.641220
601.076050,264.361816,300.078827,218.614166
595.494995,275.295288,309.704132,215.943954
582.549011,254.043106,328.071747,229.663544
582.162170,253.447678,326.664093,232.412384
562.818237,254.900421,353.565002,234.446899
579.589905,253.124008,331.442383,233.862335
576.202637,246.693054,339.175537,244.196030
578.542358,246.033890,330.113098,242.672394
552.057373,251.637146,372.537476,250.577225
546.734924,252.736786,368.796051,249.636948
578.247681,247.630646,343.889252,249.021484
550.821533,255.342896,380.651306,261.284851
557.198853,244.044266,374.143707,261.717926
560.761719,257.621216,358.737488,270.895050
562.221313,262.915802,353.832550,265.338806
550.121094,257.957886,362.921204,271.732269
584.790039,261.023621,345.502136,270.770966
566.916931,263.489441,355.615448,274.536957
575.005493,272.559570,345.574890,267.076111
587.873230,272.321869,332.935181,273.492065
599.405334,276.198975,328.303986,273.630676
572.267456,274.669830,353.509583,277.007446
574.865967,275.510010,344.809753,290.462921
589.815552,279.957031,338.581696,284.292999
582.392151,281.899414,342.270355,290.803711
570.836426,281.653198,360.829559,294.535309
565.203125,279.829712,364.273834,300.148407
574.790771,288.137115,355.586426,298.020447
577.752563,292.076935,351.431061,296.383728
577.478394,292.527283,352.040741,299.372833
570.731812,289.959778,358.866913,308.455780
570.104492,296.946655,355.921906,303.517731
577.821228,315.408600,367.450317,289.149719
572.382202,309.313904,372.830109,306.848236
578.148560,324.169434,392.257172,298.893127
562.340637,287.247833,404.202606,333.958252
547.499084,222.301788,376.225342,327.236389
562.480591,241.492126,368.070923,312.199158
562.040833,256.177856,395.661987,330.849243
563.777588,257.539246,389.505615,334.879913
566.980774,250.891968,357.774689,313.131714
561.025330,248.704468,380.530609,335.550781
563.064697,254.058990,364.658905,315.207458
554.095337,252.852249,360.959717,322.788361
552.787109,251.194046,370.193542,337.688141
556.834717,264.739716,365.395569,323.388123
527.339539,275.694519,417.096313,349.094147
574.755859,276.244873,351.263977,312.088440
564.647461,297.997040,381.888062,336.401978
582.178162,311.477875,364.095123,328.506104
574.750427,320.620148,380.834625,343.079651
596.601257,327.534973,358.796173,325.473053
610.397522,306.895996,328.667633,307.346039
589.539368,391.856812,390.197754,335.067627
589.580200,395.119843,398.271942,329.734070
614.353699,338.291077,339.268768,297.428589
618.748657,371.973511,348.918213,304.252441
612.078735,391.016663,363.660370,314.050446
615.702393,405.051575,367.645081,312.668854
609.571106,407.231598,382.173248,316.523987
622.238464,413.344788,356.085236,312.944580
617.009827,419.184387,363.993011,304.176300
619.024109,421.887085,360.783447,299.424957
631.046448,344.568359,331.572601,284.868195
634.187744,353.063843,329.688751,283.003204
639.559143,344.935425,313.034027,275.744781
639.034119,378.641113,325.548126,287.548553
633.101196,401.228333,345.658875,298.987793
626.182800,432.100586,360.189575,296.224854
612.941589,422.270691,375.804779,301.648560
631.419739,423.236450,337.411163,290.595581
632.779175,432.902161,344.608917,285.995636
629.651733,424.949585,340.704163,288.524078
622.529663,434.563171,339.559113,285.954132
624.359863,429.044617,340.210022,290.573395
618.215942,432.753540,341.246887,285.901031
620.864441,389.430054,314.644257,293.352203
574.969727,417.222107,354.181427,304.977203
584.374268,418.673584,352.032043,307.955933
575.815369,422.582642,369.126678,302.459015
571.896606,424.395569,371.639404,296.360352
548.225647,403.564575,356.149567,296.055206
532.393555,423.362549,382.547302,298.983612
572.629028,305.246429,360.226044,293.586548
560.811401,304.530792,377.894836,305.917114
568.670410,324.852539,343.779907,289.470093
578.118652,311.316986,342.793152,288.666992
561.231750,331.554382,351.410187,294.292175
575.339783,319.831909,342.072388,277.933075
542.247192,351.190460,360.486725,286.059570
547.994141,338.634033,367.844696,289.213287
556.581909,352.829132,345.011475,272.047668
547.434692,358.486511,362.994293,279.051788
582.273193,255.612854,336.221252,284.268127
587.400085,256.333008,312.260590,276.782135
584.865967,249.770569,305.664856,278.084351
579.800903,277.292480,300.497040,271.512146
584.637207,293.823120,311.807343,276.164154
579.559204,310.876617,299.209381,260.420471
567.098328,316.858337,324.167969,269.567535
577.547241,279.800507,297.230164,266.297180
567.717407,288.544800,309.838196,272.124146
584.383301,249.611252,289.816040,269.247223
584.198975,252.994278,298.496338,277.430389
582.509766,283.633453,309.452759,285.056458
590.646240,277.081543,288.118225,281.910858
590.039185,252.909653,290.314148,295.745209
597.240723,260.094788,284.654694,288.416656
601.559509,268.748291,276.702362,288.889771
597.576721,269.440308,295.345184,309.977570
596.626648,281.383179,294.947876,309.665436
595.840820,290.557312,301.335785,307.850922
609.076782,276.973907,289.291229,287.018738
624.968628,291.697388,280.324097,277.567352
612.302856,305.929504,283.991455,265.404755
627.521179,314.958191,271.359528,271.156647
628.720947,329.171143,274.129608,274.237885
614.879028,338.324738,289.890320,286.156128
611.660645,345.390503,299.046753,296.206390
616.424438,355.517303,287.639221,277.754211
621.986328,368.916809,280.308777,267.633606
616.493591,375.370178,295.238434,277.665375
622.763000,387.973907,288.198822,279.720154
640.519043,397.719055,270.307587,257.881226
641.424500,406.252228,279.746307,280.850647
616.723328,407.375061,324.186279,299.269501
621.758301,412.141541,322.495819,299.298706
624.054321,416.302429,321.432190,284.649902
631.867920,423.806702,316.070343,282.119781
609.394836,432.597961,344.954468,279.187042
601.561523,444.203308,349.122650,271.427734
616.199341,441.558472,347.089325,259.263550
611.435181,446.210571,348.939514,247.274628
664.345337,431.298798,311.970947,234.586258
672.048279,417.393860,294.248627,210.403412
681.793457,421.486938,296.926758,212.733246
677.104858,419.532898,306.091492,217.155670
685.264282,418.566925,309.013824,216.600281
678.961365,431.711670,312.328003,209.705704
684.305298,424.823853,310.435974,199.622406
677.323608,435.290131,322.986542,206.784729
675.195068,441.807556,315.197571,204.421982
671.927124,437.789795,319.741394,192.180908
669.316833,440.604248,314.298706,201.812897
673.271790,419.424835,349.014404,207.421799
666.951477,419.490082,342.795502,210.518631
667.323425,423.664764,320.205658,210.781937
671.184326,410.957672,325.698212,214.287888
