1
138.399994,338.799988,56.200001,99.800003
133.399994,349.399994,55.599998,98.599998
127.000000,346.200012,55.000000,97.199997
125.199997,344.000000,55.200001,97.800003
134.800003,352.600006,55.400002,98.000000
151.199997,352.399994,55.200001,97.800003
149.600006,351.200012,56.000000,99.199997
155.800003,344.799988,56.400002,99.800003
154.800003,341.399994,55.599998,98.400002
132.000000,297.799988,55.000000,97.800003
136.399994,262.000000,55.599998,99.400002
139.600006,254.399994,54.599998,97.800003
140.199997,251.399994,54.599998,97.800003
134.399994,230.800003,55.400002,99.000000
132.600006,228.199997,55.400002,98.800003
130.600006,245.600006,55.200001,98.400002
134.600006,212.399994,54.599998,97.199997
168.800003,227.399994,54.599998,97.000000
187.600006,240.600006,54.599998,97.400002
194.000000,223.800003,54.200001,96.599998
202.000000,205.600006,53.799999,96.199997
164.000000,184.399994,53.200001,95.599998
154.000000,148.000000,54.200001,97.400002
158.199997,143.600006,55.200001,98.400002
169.000000,140.199997,55.799999,99.400002
178.000000,123.199997,55.599998,98.599998
180.399994,137.600006,54.799999,97.000000
191.600006,124.800003,53.599998,94.800003
188.600006,137.000000,53.000000,93.800003
177.199997,162.800003,52.599998,92.800003
180.600006,161.399994,51.200001,90.199997
183.000000,150.800003,51.000000,89.599998
181.199997,158.600006,50.400002,88.800003
181.199997,147.800003,51.000000,89.599998
179.000000,150.399994,51.200001,90.000000
176.199997,152.800003,50.200001,88.400002
177.600006,149.800003,50.200001,88.800003
177.199997,154.600006,50.799999,90.000000
187.600006,172.399994,50.599998,89.400002
217.199997,180.199997,50.599998,89.599998
223.800003,171.199997,50.000000,88.199997
230.199997,162.800003,50.200001,88.800003
243.399994,158.000000,49.599998,88.000000
251.600006,150.800003,49.000000,86.599998
268.200012,141.800003,48.799999,86.000000
246.199997,110.400002,48.799999,85.800003
228.800003,84.800003,48.599998,85.000000
241.000000,56.000000,49.000000,86.000000
254.000000,67.800003,49.799999,87.599998
237.399994,45.799999,49.400002,87.199997
208.800003,49.799999,49.200001,86.400002
208.199997,49.200001,48.400002,85.000000
208.600006,37.400002,48.200001,85.000000
2
0
0
0
0
1
250.600006,-1.400000,104.000000,53.799999
247.800003,2.200000,102.199997,52.799999
253.399994,2.800000,100.599998,51.799999
253.199997,3.200000,98.599998,51.000000
256.600006,7.200000,97.000000,50.200001
253.199997,5.400000,96.800003,50.000000
255.600006,9.400000,96.400002,49.799999
254.199997,1.600000,96.800003,49.799999
256.799988,7.200000,96.800003,49.799999
253.800003,11.200000,95.800003,49.400002
256.000000,17.200001,94.599998,48.799999
254.000000,22.799999,94.599998,48.799999
253.800003,22.200001,94.800003,48.799999
255.199997,19.200001,96.199997,49.599998
250.800003,22.200001,97.000000,50.000000
253.600006,25.200001,97.400002,50.200001
254.399994,28.000000,97.400002,50.200001
256.251282,29.436087,90.214012,50.971043
253.485382,29.542049,93.166267,54.342232
250.423737,30.450266,98.035957,55.307461
251.873703,33.986214,98.472862,53.748280
248.197754,37.060356,106.272171,52.864338
245.188599,42.375992,113.233208,47.391415
247.051682,44.457741,113.587677,44.857937
247.223206,45.698845,116.688583,43.963520
245.125580,47.978073,118.983643,41.996552
248.205261,45.359604,112.875847,44.405457
246.223022,50.000076,115.483139,41.054974
250.663788,52.421608,109.368790,41.264050
252.368896,51.684452,108.633408,45.203300
268.600006,58.200001,96.400002,49.200001
279.796814,61.612228,94.014404,46.596191
282.846283,62.006355,89.435783,47.962948
296.542816,61.307781,86.148117,47.340385
291.157990,53.632591,86.070366,51.951656
297.949493,53.168678,83.817421,50.991810
318.616669,62.427948,85.013222,46.658527
318.477661,61.118904,86.932480,43.942963
295.399994,45.599998,93.199997,47.000000
317.677185,41.362923,88.440422,42.601654
324.073639,37.533539,87.333130,41.345310
275.200012,13.400000,92.000000,46.400002
266.798737,14.849562,91.308479,40.425289
269.092438,14.527710,89.045593,39.122612
271.361267,13.187910,87.436516,41.946621
274.926361,7.950592,83.953690,46.965519
278.581085,4.045164,79.530075,52.155754
282.779388,2.774673,74.819962,50.862953
283.461914,1.313900,71.858444,52.362530
284.176575,0.782057,69.112396,52.506031
285.850922,0.762093,66.223930,49.353024
266.799988,4.800000,96.199997,48.000000
280.615509,2.331251,71.851173,57.247097
277.627502,5.047909,76.830536,59.424072
279.586975,3.442572,73.817497,59.088512
277.956482,11.770971,79.941475,60.713276
281.116913,10.174541,75.734238,59.167404
275.515259,23.345743,78.008514,62.583302
284.536133,23.962746,73.920372,56.617493
284.343506,26.837334,75.897530,61.567329
286.895569,28.658506,80.751823,62.263462
281.528717,45.394096,78.835632,59.952908
280.481506,49.057396,86.655487,61.902515
277.124939,56.947609,88.967499,61.639851
269.890717,74.454788,93.813957,55.364128
268.943695,78.482117,97.333199,55.391438
259.406158,88.934952,109.393242,49.240128
259.185303,96.240952,111.066055,45.537128
260.999939,104.549850,109.315895,41.269894
262.580292,111.323166,111.304283,38.880272
260.199951,107.253433,120.556755,45.484070
264.140839,120.778069,110.977028,36.680805
271.176941,101.441971,93.701080,56.771366
271.108826,112.213844,97.169304,51.635422
275.831818,121.367569,108.674507,47.692924
278.576752,114.294991,105.934715,51.118847
287.716064,106.062561,95.959480,58.197811
294.768036,111.862305,101.936745,56.884056
308.379639,113.011856,86.442482,63.019566
306.799988,133.199997,100.000000,49.599998
309.600006,118.000000,100.599998,49.799999
323.321350,134.184387,88.492157,60.044182
327.034271,147.836838,95.164955,59.064514
322.658325,164.223007,104.267258,55.828754
320.140472,171.815887,108.302673,57.304878
320.609558,175.259842,109.936676,56.799747
320.179993,180.871948,110.115601,58.152309
324.839874,183.074036,106.326187,58.281326
323.700287,183.331711,118.310478,60.576000
327.587433,187.276199,113.797371,57.085224
330.500427,184.321274,113.032433,58.625942
