1
193.575943,27.523293,79.687256,80.761887
192.786865,27.585625,81.187714,80.067291
193.128906,27.482727,80.012604,79.850983
193.157593,27.892853,79.731216,80.238083
192.093903,27.571640,80.566422,81.703644
191.226959,27.788895,80.837212,81.744354
190.878418,27.962803,81.427498,81.802681
191.074417,28.630867,79.972816,82.770203
189.691513,29.241375,80.635231,82.597252
189.489777,29.042458,79.969269,84.482147
188.259003,30.245552,79.765083,83.660385
186.925537,32.319893,80.308754,83.073883
185.545273,34.149792,81.318703,82.073799
186.542435,35.452587,79.634331,81.348579
185.428345,36.439541,81.717377,79.794762
184.162796,36.978539,80.950073,79.049164
184.425095,38.888664,79.494911,79.181213
183.957993,38.699768,80.788185,78.999542
183.522034,40.803982,81.674843,76.593254
182.137558,42.346249,82.480049,80.678871
181.410126,45.211231,81.970139,78.662712
181.369965,46.038261,81.244667,78.867493
181.726807,48.287117,80.654442,78.065094
181.601715,48.406979,80.241425,78.070427
180.285339,49.390488,80.075806,78.310760
180.370422,49.754616,80.912231,78.299515
181.844666,49.883774,79.680557,76.671005
183.985016,50.057854,79.016495,75.135727
184.089203,52.199173,79.160728,73.332657
186.404510,53.514389,77.527046,72.893433
186.100983,54.557678,77.549850,72.189957
187.212128,51.679245,78.663116,74.449371
188.178131,52.358288,78.192886,73.323341
192.451401,51.240353,75.145088,73.934822
195.824738,54.602795,71.919693,69.055870
198.258881,51.709984,71.229294,71.708847
204.112793,51.912216,67.996002,70.461578
204.937012,53.708462,66.128464,68.409569
208.906006,54.303242,63.619381,68.800987
208.058395,55.905083,65.802254,68.537613
208.955475,54.897476,66.353073,70.393814
211.416840,58.077919,64.915916,69.428543
208.522049,51.783043,64.401421,66.783249
213.793472,56.653843,65.890450,69.393730
214.292801,55.436840,65.068687,69.398140
215.362183,55.721416,65.657768,71.574181
210.764603,48.582520,66.983490,73.431244
211.663467,53.949299,67.825127,72.822502
212.509171,53.444477,65.780121,72.337395
211.353867,53.314270,62.627743,67.810547
209.748535,53.517319,65.395103,67.864746
206.766495,51.459160,64.694817,67.532654
206.273987,49.827278,65.276199,70.370178
205.948975,53.932636,66.993958,68.692543
200.617905,47.691833,67.692070,73.204636
196.820358,48.524967,69.621216,73.582191
201.254776,47.212158,66.101593,74.627014
197.510742,47.165344,68.812096,75.108795
197.266418,45.944000,67.529297,73.147858
197.390152,51.496059,68.071892,70.694344
193.906387,51.980415,70.542259,71.739532
192.593582,50.789349,72.701469,72.198601
194.870056,47.966572,70.150169,74.377586
187.846313,59.867874,71.873047,70.056702
183.743561,59.042442,71.904373,72.534805
181.408051,59.676765,70.120804,69.292038
179.207550,62.019356,69.527153,70.255753
174.638885,63.100903,69.370712,69.924202
171.261871,63.680088,70.175339,71.163719
164.344147,66.105515,72.829010,69.126915
159.194077,64.241768,72.190674,68.922104
149.872574,65.318924,77.243690,69.172333
145.936142,66.424690,78.724937,70.623199
141.586639,66.996155,80.835449,72.687454
141.261795,66.017334,79.113525,78.601662
137.752075,65.236069,83.356796,80.882927
132.090179,66.523705,85.783493,79.218796
132.023285,70.127899,82.975052,76.710327
130.103897,72.791229,81.867065,75.482574
130.575043,75.855896,78.451340,72.994545
125.204315,76.126923,81.857697,75.228851
121.205070,76.648003,83.671310,75.935791
121.409012,79.902756,80.771660,74.497917
118.456787,81.784813,80.989044,75.435760
113.735031,82.730377,84.949257,77.589828
111.592766,85.945015,83.431015,75.380295
109.767136,85.967499,84.600830,76.454849
105.619583,87.545456,84.234077,78.027321
102.557480,88.830338,83.559135,78.306190
101.942566,93.014458,80.903687,74.727432
97.231697,94.733093,84.066574,76.961205
95.637787,96.921097,84.874443,76.249573
95.313774,99.463142,82.277969,76.779251
83.290405,102.887543,88.307434,82.782249
88.078720,105.558685,87.099335,77.356926
84.961586,106.936127,89.600967,80.741615
85.346252,110.926910,87.640083,80.229675
83.244431,113.584473,90.581963,81.616859
86.923935,118.354988,84.604408,75.392990
85.430260,119.586166,84.683243,73.533142
78.754944,120.650009,87.364647,79.236961
82.598366,121.282776,87.455582,77.871498
85.501228,125.513443,82.110046,74.376930
84.796555,128.597137,83.707870,72.577820
87.211769,128.856186,85.261307,70.813507
94.942596,133.220215,82.931053,67.167191
94.441315,129.447540,87.195244,68.744545
97.344597,130.804276,88.121048,70.078728
102.092300,132.013885,87.262871,71.119125
106.356522,124.638863,86.054657,76.292343
110.896484,121.969574,84.294701,80.298157
118.439049,119.228653,78.934677,80.292351
119.486252,114.446182,80.797668,80.798897
125.567978,113.241302,75.053558,80.013947
126.743080,108.273407,76.674240,84.746208
125.950363,108.616074,80.482307,82.202858
131.698929,109.089218,77.431122,79.765778
139.619522,108.784462,75.354950,78.179825
142.978699,106.130692,72.679062,79.927788
149.803284,99.521828,73.650558,82.776108
157.910019,94.668762,70.596230,82.139168
160.195709,91.234749,70.551384,77.499924
162.289581,82.212456,72.587639,81.903473
168.145065,72.085281,72.978569,80.322113
182.345261,73.113052,69.200874,80.958023
180.210449,57.862129,76.141045,80.970490
183.161636,59.926300,72.362251,79.550629
187.331085,57.551453,74.549332,77.033188
187.959320,48.910038,76.358078,77.924370
190.734924,62.554821,73.602676,75.559166
192.501999,58.371536,76.558960,76.291580
192.217957,53.543362,81.385910,77.721489
195.584198,58.964615,78.348251,75.877335
207.444305,63.577431,72.961105,76.395370
205.626556,63.339928,75.533669,80.968018
209.648148,62.967621,72.378700,80.604095
207.050858,64.903221,71.946617,80.759171
212.071838,71.693192,74.070564,76.496262
211.823746,70.461411,76.247704,81.013794
210.047363,68.877380,74.545486,84.704185
210.022125,60.901043,78.339615,87.519722
209.560562,72.368919,75.461555,83.785339
209.906372,66.691086,77.707024,87.620270
212.450562,67.522003,76.870636,85.209190
213.491852,73.968369,74.279701,83.748848
208.813828,74.024277,76.887535,86.170174
209.638214,73.446411,77.279785,84.320038
208.916016,82.748169,78.501778,84.681587
206.484451,74.248581,78.055328,82.309151
205.153275,68.874832,79.788933,85.020805
205.812393,82.537979,80.464699,86.035149
213.331375,103.416458,79.489311,75.758026
212.858887,103.562820,81.315750,76.102547
211.904282,111.858139,82.042480,71.346710
209.841370,108.077133,82.822884,73.286537
198.302399,80.930344,81.856796,81.966118
200.973969,87.010971,76.550354,82.390991
202.251373,86.858978,76.846001,80.741463
207.447266,95.084801,78.443062,73.657700
201.634552,90.166374,74.191750,73.423340
201.501770,85.993645,77.657944,75.834702
202.888367,90.537628,76.304192,77.969460
209.284088,93.185883,77.048576,74.084808
210.026749,90.469711,76.523766,75.827126
211.903351,97.561646,73.837166,70.599037
200.979279,90.035851,73.167648,74.703918
206.391571,95.422241,72.551430,72.386620
208.483704,99.324356,72.360123,69.688171
210.422058,99.654083,73.023300,69.483772
209.308136,93.047203,74.265961,72.624802
214.062744,97.589691,72.774841,69.323021
210.034760,91.824898,72.148491,71.299515
208.206024,95.930237,74.747078,71.951965
213.530487,96.524597,72.436638,68.085518
210.647949,95.550117,74.997589,71.031479
211.755081,93.342911,74.100739,69.750710
206.160477,90.484070,79.434044,75.190376
208.969040,92.053391,78.493774,70.934456
201.812164,89.073425,79.211555,74.729042
197.038513,88.259811,80.934799,78.503410
187.685684,82.843338,77.143990,83.012199
201.228867,87.490097,81.337822,74.786049
207.865479,96.761673,81.901421,70.523018
211.654663,91.872498,79.306076,71.845558
210.516968,88.712143,76.483513,72.863976
209.074036,95.741859,76.647812,70.163864
209.991379,91.235458,76.983551,73.134430
210.412079,91.722084,74.258713,69.793549
209.524826,96.553268,75.341637,68.989159
208.487213,92.687210,77.059090,72.780815
210.689438,94.381302,75.504295,70.760750
211.066788,93.110168,79.192986,71.892944
2
0
0
0
0
1
118.581421,69.817352,71.552277,98.694572
115.285538,69.147675,70.042656,99.755478
113.895897,68.139145,70.550491,100.572884
109.961945,65.450699,72.435059,103.027130
109.623878,65.007767,72.194748,104.014961
106.942963,62.027283,70.750099,107.244644
106.199997,62.200001,72.599998,96.599998
108.207512,58.815323,68.923904,104.993301
109.341911,56.274071,67.004654,105.220551
108.365211,55.471275,64.739487,104.467285
108.373550,54.108356,70.239265,103.805717
107.908928,54.415611,68.399582,101.084641
103.224854,54.414272,63.628265,98.875679
106.154327,52.627708,68.900932,99.532120
107.196777,54.837311,69.312462,99.973679
107.745941,55.529953,72.652657,102.126694
96.932541,52.746349,73.966682,98.836617
97.861557,55.045700,73.730125,96.968674
97.727821,55.589088,73.716904,97.278000
109.222366,62.902260,66.698242,95.901337
116.749390,68.965714,60.622139,92.644554
118.761688,70.706024,58.209175,89.156883
118.313705,72.607162,58.927650,90.912163
119.602058,72.508987,57.813461,88.638924
118.674934,74.158836,56.130844,87.154541
114.854851,73.988777,58.416302,85.385864
116.648682,72.007950,58.508766,89.883095
114.455994,71.362625,60.596214,90.581398
114.998543,70.938416,60.362656,91.122734
116.618019,71.685669,60.618027,91.013802
113.112228,71.770508,63.430725,88.109917
114.513107,72.116882,64.708771,90.388893
110.835785,72.343552,67.942993,89.492256
112.644745,73.346710,68.022278,89.645470
114.965790,73.595970,68.516930,90.850891
118.909622,76.238220,65.448784,87.418343
116.180496,73.624069,68.223396,89.804436
106.798187,74.770287,72.903481,87.994385
111.135056,78.014008,69.190620,83.945000
115.102745,75.794312,68.417557,85.998634
117.004440,75.345154,69.378349,85.393700
116.688995,76.239922,68.928619,84.181763
110.395721,74.455612,70.199532,87.016701
115.071083,71.938461,68.389694,92.237907
115.407791,75.676018,68.047943,89.448395
117.366745,73.992538,68.131767,90.301323
119.630447,78.208206,66.890923,86.813652
117.318916,80.619095,68.976517,84.058479
118.387619,80.500793,72.049568,84.018654
116.983658,85.238564,70.153664,81.374695
119.568375,83.848076,72.977409,82.880234
117.892487,82.212830,76.131348,86.895813
115.050858,81.267670,78.179985,87.136841
116.127533,84.108505,77.065926,86.660149
115.509369,77.279114,72.592743,89.419205
118.370148,76.906578,74.417168,89.790436
119.486946,79.608109,73.922348,88.714256
122.036736,77.453529,71.314407,92.066360
124.482162,77.791214,69.253296,91.079323
126.401505,76.263275,64.094124,91.161690
128.915039,79.661568,62.685184,86.564758
128.574341,82.720291,62.768921,84.943779
127.959122,84.465820,61.153648,83.582634
126.397842,81.289742,63.452461,87.958633
126.250641,80.737656,67.613182,87.499718
126.497360,76.896896,67.900566,88.814125
127.135071,75.380653,66.908165,89.573959
126.913651,73.156952,65.554207,90.341423
128.637390,75.315033,65.861076,87.314407
125.534332,73.779053,64.572235,92.230598
127.742813,71.127304,64.245338,92.010475
122.119614,71.073593,64.295082,94.105476
119.590652,68.366516,67.592743,91.660393
122.290237,69.321869,65.574615,92.334206
120.873398,68.901993,65.820534,90.874763
120.420959,68.279282,66.153221,88.535957
122.028076,71.055771,65.147095,90.312691
125.347305,69.190063,65.012672,90.920677
2
0
0
0
0
1
225.458160,137.514160,74.561897,47.995525
226.279694,131.987473,75.301392,50.204708
224.199997,129.199997,80.000000,45.599998
224.081177,120.611145,78.753220,55.270866
223.126556,114.163284,79.910522,55.841309
222.008118,108.261520,79.769890,54.837864
220.038208,98.995697,78.414307,56.619064
218.529633,96.560112,76.438606,53.785152
211.399994,94.599998,86.800003,49.599998
215.786606,84.713715,78.789520,51.350487
207.928024,83.238785,81.338951,48.766068
200.917419,84.788704,78.830505,46.231236
193.574768,79.933708,83.812294,48.402805
192.861099,77.989937,78.724754,50.745419
183.829285,77.638458,80.193695,52.084343
181.092499,79.475311,79.736832,51.585442
182.194489,82.220840,79.226456,49.894920
186.062897,82.275406,76.057297,47.310429
180.635361,80.950455,77.217430,48.577328
178.234909,80.952759,82.592995,49.345520
173.381165,80.368187,83.834122,50.359882
164.077515,83.466339,78.022247,47.378113
162.843399,85.146217,78.807472,46.172928
165.730774,85.869232,80.042351,47.305412
157.654205,88.756493,81.415009,46.025650
147.600006,85.000000,87.599998,49.799999
147.322128,86.604889,82.138062,45.532017
136.765884,87.124573,84.026543,48.556496
124.966400,85.433609,86.678925,48.568489
125.234665,83.374481,88.429375,52.276947
119.980164,82.755096,88.567589,53.574009
114.736404,81.609741,88.843819,53.077858
117.020981,80.872604,86.381256,55.530022
113.370026,81.641106,86.712402,54.869823
112.492393,80.379868,88.171616,57.149944
108.240555,80.277527,86.908546,55.967026
107.521454,79.610123,89.711823,56.213615
107.107071,78.013420,91.526672,58.183956
107.519714,85.854614,93.897789,57.287613
108.313248,75.153900,90.324646,59.386024
105.844551,83.806824,93.972427,57.982460
106.530067,77.345337,88.379654,58.853836
110.917419,83.823151,88.481667,55.383781
