1
73.620682,126.967575,31.225891,24.527166
75.310318,127.018982,29.920826,24.413515
75.849670,127.536819,30.957558,23.056704
76.353516,127.590302,30.256775,23.454170
76.729507,126.600609,30.965097,24.583052
77.796707,127.372620,30.333260,23.101234
78.729950,127.023026,30.153885,23.499569
78.588120,127.349731,31.770336,22.574562
79.355423,127.654678,30.925091,21.033779
78.880684,127.336876,31.978167,22.024311
80.419792,127.152855,29.620066,21.513718
81.062027,127.783852,29.497572,20.532881
81.805191,125.899796,30.273300,23.714941
83.041443,126.616447,28.223305,21.227158
82.814857,124.869072,30.340378,23.241657
83.896042,125.734055,28.344719,21.424171
83.740410,125.203484,29.352009,21.494734
84.990372,124.626099,28.071953,22.903450
85.457726,124.839684,28.622206,21.973825
84.805763,124.468903,30.463476,22.019194
86.142181,125.401642,29.062744,20.921629
86.221169,125.016022,28.900864,21.683990
87.825188,124.585403,29.271618,22.399193
87.420067,124.933952,29.567318,21.889688
87.617462,125.469284,29.697296,21.203056
88.082733,125.616310,29.934959,21.623739
89.168266,125.267128,29.302858,21.639082
90.423492,125.808113,27.865786,21.192423
90.740913,126.183937,28.909090,20.639933
91.491737,125.983032,27.819056,20.984983
89.756439,126.335121,30.052454,20.537554
90.391998,125.811798,30.733406,21.037418
91.049736,126.493752,29.079052,20.170914
90.838890,126.356796,29.722998,20.385647
90.615158,126.932755,31.404884,19.603855
91.663376,126.677658,29.654491,20.428558
91.542007,127.359573,30.497234,19.434515
92.354263,126.423256,29.460367,20.761557
92.307289,127.210953,30.029282,20.747984
92.490196,128.054230,30.564667,19.475113
93.368988,128.095581,28.612535,19.806669
92.464500,129.078537,30.956457,19.874365
92.994507,129.433228,30.043211,19.473007
94.302216,130.085419,29.736397,19.169226
93.637123,130.475189,30.401745,19.646742
93.924072,131.165604,29.702770,18.902815
92.670471,130.757278,31.588240,19.966927
94.323402,131.653320,29.425230,19.660418
95.716156,131.085449,29.443386,20.432590
94.734543,131.385406,31.763620,19.659866
94.803352,131.494644,30.733709,20.255238
94.792870,131.383148,32.058529,20.136677
95.549126,130.542480,31.408285,20.313354
95.520920,130.213928,31.088329,21.361807
95.645638,130.632172,31.654501,20.603069
95.887627,130.503082,31.319399,20.617363
97.134140,130.075928,32.590981,19.657711
97.328285,130.408585,32.593872,19.605808
98.577400,130.375015,30.811253,19.651447
99.192825,130.546478,30.596989,19.261597
99.166351,129.793411,30.004082,19.657505
98.632492,130.060272,30.657219,19.311914
99.352592,129.496216,31.129396,20.221546
100.513039,129.386261,29.478695,20.042459
99.668243,128.654678,31.290970,20.697456
99.381355,128.536331,31.956837,21.211191
98.683327,128.482224,32.925671,21.433498
99.994080,129.029236,31.665039,20.248371
100.938606,129.056824,31.904255,20.285986
100.791718,128.770126,31.947906,20.893040
100.066818,129.147141,34.540665,20.163570
101.432236,129.063019,31.860424,20.721409
100.931923,128.776840,31.888510,21.054714
101.778717,128.817932,31.861307,20.543583
101.927864,129.410004,31.867571,20.181656
102.261223,128.915314,31.056959,20.463799
102.011078,128.967041,31.466196,20.744320
102.961845,129.427368,30.989685,20.204279
102.549507,129.155563,31.708937,20.333500
101.449890,128.701370,32.837822,20.907349
102.944023,128.523376,31.718521,20.822411
103.323959,128.766266,30.852354,20.826612
101.948654,128.824310,33.045429,20.571247
102.872810,128.456848,32.697388,21.793232
103.029663,128.459869,32.092720,21.622606
103.054703,128.534088,32.502186,21.032801
103.223038,129.184479,32.364090,20.400770
102.752022,128.582825,32.506268,21.222202
102.528893,128.806335,32.747639,20.797365
102.860374,128.041565,33.922939,21.527090
102.628174,129.717529,33.556366,20.201384
102.124542,127.322586,32.756535,22.260231
101.366699,128.168945,34.846264,21.295578
102.468048,127.977936,35.195148,21.510536
102.630959,128.948166,33.728241,20.088442
101.744682,127.747200,35.340488,21.866739
102.800011,128.443436,35.056515,20.375746
102.561234,128.552475,34.637463,20.848690
102.917046,128.105682,34.911526,21.125402
103.593735,129.276428,33.752586,20.215117
102.059372,127.961746,37.266869,21.489111
101.752762,128.103943,36.153919,21.054831
103.176506,128.301743,35.635059,20.688192
102.159554,128.485840,35.214237,20.560413
102.270966,128.106186,35.506752,21.017935
103.413750,129.181442,34.606319,19.721539
104.372536,129.385803,33.323887,19.294273
103.853394,127.868729,35.283588,21.162079
103.314522,127.901138,35.538944,22.109074
102.834938,127.317581,37.495510,22.119541
103.435448,126.880905,34.941814,22.613808
103.136002,128.188156,35.134270,20.461342
103.511055,127.376991,34.586746,21.272787
102.953484,127.496933,36.382294,21.206264
103.815704,128.318771,35.547638,19.792377
103.287880,126.709053,34.719219,21.914776
104.084007,128.370331,35.925694,19.500467
103.265213,128.078476,35.155514,19.292194
102.966713,127.100853,36.368210,20.484577
102.910324,125.983513,36.064381,22.564526
103.562866,126.885338,34.406227,20.450237
103.723717,126.926071,34.269272,20.186867
103.560501,127.365067,35.457352,19.107231
103.426208,127.126495,37.042183,20.100861
103.724579,126.372017,35.592781,21.656170
103.254807,125.484283,37.263828,22.421179
103.901855,127.186996,35.673325,20.294399
103.927467,125.187294,36.057678,22.679829
103.671455,126.327965,35.592457,21.370615
102.837448,126.814522,36.307030,20.297354
103.115723,127.084541,35.705952,20.374533
103.153961,127.010956,35.396740,21.016289
104.299774,127.080170,36.520634,20.840458
103.400185,126.454689,36.879074,21.621201
103.812576,127.105927,34.292500,20.848688
103.718063,127.797859,34.682190,20.040518
105.591492,127.837173,33.251560,19.626165
104.603348,127.076447,35.509407,20.753078
104.495361,127.220116,34.966160,20.248520
104.430038,127.208427,34.713737,20.144941
105.627808,127.680168,32.654022,19.417376
104.032707,126.979073,34.394180,19.983103
103.917870,126.776344,34.894497,19.393143
104.339378,126.381149,33.196362,20.543186
103.193184,126.091141,34.756123,21.090416
103.809441,126.782219,35.264599,20.030350
104.075226,126.287338,35.491920,20.824369
103.378510,127.002251,35.591480,19.868214
102.777412,125.942993,35.341747,21.751032
103.822594,126.949104,34.347439,19.806168
103.086884,126.421120,34.737808,20.271465
103.523178,126.818214,35.307602,19.829662
103.478775,126.461746,34.227135,20.419472
103.021126,125.931236,34.554409,21.576651
102.981796,125.730576,35.155407,21.293768
103.287727,126.247177,35.355053,20.602270
103.716385,126.480606,35.473122,20.318630
103.824287,126.851059,35.268963,21.024195
104.256744,127.147209,35.525291,19.983967
104.149857,127.730301,35.730789,19.574892
104.102493,128.114410,35.128132,18.310770
103.666550,127.254982,35.738796,19.840994
102.995453,127.362946,36.378975,20.100986
103.490982,127.646255,35.582096,19.863682
103.827820,127.572189,35.716785,20.039762
104.415741,127.835037,35.532280,19.628172
104.317413,128.533600,35.045643,19.398842
104.075722,128.036957,34.491047,18.884007
103.015030,127.374428,37.384972,19.937237
102.822716,127.389946,36.986767,19.925734
104.257072,128.461227,34.700333,18.052114
103.469238,127.542732,36.245495,19.901814
101.780556,127.794426,36.885376,19.044210
103.866386,126.836327,34.795544,20.439678
104.195236,127.882881,34.568989,19.056961
102.815865,126.532501,37.697845,19.815794
103.765060,127.566986,36.064060,19.906761
104.612503,127.471725,34.550209,19.381317
103.350967,126.753693,35.892128,20.364372
103.531021,126.820244,36.522167,20.834970
105.102837,127.149971,33.648846,19.623095
104.040573,127.268646,36.702274,19.805813
103.239197,127.054420,37.221626,20.283186
103.612785,127.464455,37.144058,19.416513
104.382271,128.942139,36.755405,18.582195
102.827393,128.052292,38.590042,19.234274
103.693268,128.858566,38.090546,19.114368
104.330368,128.668167,36.510136,19.289614
102.830727,129.126007,37.931332,18.412617
102.949333,128.686310,39.275387,19.599588
102.011299,128.263199,39.897079,20.045292
103.089844,128.840439,38.965919,18.865936
105.158615,129.036926,36.350746,18.678513
103.778763,128.491638,38.163635,19.502619
103.335159,128.674698,38.356106,18.902916
104.081284,128.255554,37.377178,19.074598
103.048172,127.056786,40.391598,20.577105
106.317368,127.776642,37.120903,19.672031
106.013870,127.650223,37.025749,19.055029
106.792488,127.804855,35.566685,18.680819
104.379784,127.326569,38.740143,19.379702
105.968140,127.363571,37.736660,18.995022
107.017296,127.879463,34.845982,18.263498
106.748978,127.868607,36.708069,18.719906
107.232262,127.022301,35.831020,19.649708
106.083939,127.779716,37.631172,17.832319
105.244896,128.162598,40.160107,17.256056
106.226288,127.161148,37.347187,19.806910
106.781548,127.581276,36.993755,20.011913
108.527084,128.265549,34.248047,17.900169
106.425438,127.628609,37.809269,18.890583
107.763138,127.580635,36.538204,19.510754
106.856186,128.616302,37.117630,18.327766
106.495979,128.175797,40.122883,19.145435
108.037170,128.312653,38.117088,19.137426
108.141037,129.555145,36.530914,18.255604
107.674858,128.667252,39.162243,19.252846
107.157394,128.572388,38.837807,19.662939
108.776512,129.070267,37.960110,18.787340
108.758636,129.224426,37.168522,18.938004
110.087090,129.965698,35.913227,18.577744
108.526306,129.016327,37.414062,18.752640
107.550522,128.096817,38.782314,20.062435
108.846802,128.688202,38.094303,18.634611
110.087807,129.043198,36.925522,17.962008
108.490601,128.627960,39.348179,18.610956
109.830971,128.099838,38.850842,19.350393
111.042557,128.147797,38.042992,19.451416
109.626602,127.366890,38.716103,18.593245
111.542976,127.860092,37.467304,18.396484
112.568893,127.776772,37.109840,19.243910
112.082191,126.508163,38.887772,19.181129
112.757042,127.796066,38.709061,18.299530
113.026253,126.898232,39.078136,19.554306
113.749275,127.610901,37.062939,18.358007
113.371399,127.511292,38.411247,19.405092
114.749878,127.589035,36.511070,18.022402
112.835945,127.787415,39.651806,18.415104
114.217262,128.531036,37.170513,17.596992
115.850319,128.173218,37.173141,18.190561
114.605240,128.737488,37.753265,17.311886
116.012032,128.772659,36.104877,17.688364
116.101303,129.805557,37.352257,16.818853
116.350098,129.030457,37.377811,17.350332
117.047943,129.233017,36.980011,18.176674
116.309395,128.535248,38.306412,18.353161
117.241821,128.871811,38.600491,17.678425
118.620377,128.388916,37.735538,18.153646
118.888657,128.050323,36.746368,17.611309
120.691101,127.613205,36.554623,19.639397
120.258575,127.666618,36.253487,18.491623
122.459061,127.283226,35.641537,18.771652
121.279678,126.858948,37.310703,18.509760
120.728561,125.750023,38.877319,19.516001
121.553680,125.846252,37.986534,19.726803
122.121284,126.013412,37.259357,19.680908
123.523209,125.973457,37.030888,20.306196
122.523422,126.187836,35.139740,19.289833
125.134758,126.494942,36.124191,18.180649
123.935379,126.537811,37.484196,18.571562
125.270531,126.036400,35.784557,19.320145
125.200851,126.798241,36.498047,17.885294
126.223946,126.166374,36.106426,18.525616
127.984627,126.962112,34.586502,17.782990
127.487328,126.368919,35.697830,18.302784
124.349098,126.330956,39.252735,18.503004
127.752724,126.988579,37.644550,18.083172
130.507782,126.164551,36.540329,18.904203
130.370239,126.518150,37.522400,17.838999
132.391083,127.145851,34.594490,18.034100
131.371582,126.925247,35.895981,17.532934
131.659668,126.477112,35.344803,17.901125
131.997177,125.601379,36.156742,18.759426
134.321304,124.596504,35.665222,18.454998
135.558212,124.304176,34.656742,18.267160
138.119308,123.661629,37.129112,18.323711
134.476089,122.908455,36.340080,18.281475
136.527649,122.393623,35.994648,18.375589
136.137344,121.922134,37.299686,18.422691
137.689484,121.297440,38.251591,19.067137
139.133820,121.609688,35.660805,19.846481
138.933640,122.722260,33.764217,17.864319
136.089096,121.293167,37.040195,19.244835
138.833328,121.169838,39.075039,20.082876
139.916412,121.063156,36.966381,19.929781
141.057068,122.933792,34.577049,19.133297
139.225464,122.574944,39.698605,19.613209
142.914017,121.359009,38.626774,20.300940
140.640564,123.475143,34.720001,19.651239
143.242096,122.131393,35.608261,20.452387
143.348419,122.066757,38.003071,20.553963
137.988861,121.772102,35.149067,20.564688
143.802979,122.787537,36.931850,19.697323
143.513687,121.902077,38.320068,19.836933
142.023758,120.877983,38.945713,20.918743
145.555450,122.234116,36.580662,19.103603
145.324127,120.821083,35.993038,20.337692
145.789780,121.667740,35.002865,19.691351
145.471115,122.388855,34.916328,18.440620
147.007431,122.133926,34.933102,18.258980
148.171249,122.360970,31.636555,18.879780
146.720734,120.393173,36.733639,21.475161
145.929932,121.875351,34.688522,18.679417
147.265900,121.000008,35.359554,20.670460
147.913895,123.699509,32.273228,18.095695
147.225616,122.528145,34.075821,19.513020
146.910004,123.217941,35.606373,19.001553
147.445709,122.617111,36.040733,19.931086
147.140305,124.493011,36.688648,19.205139
146.031189,124.078705,37.754501,20.088493
148.329330,124.782799,36.146076,20.323650
146.065613,125.496170,35.622608,20.909428
144.597916,126.587959,36.342236,19.442678
146.104767,128.184509,36.567234,17.847538
147.284790,127.290367,37.307411,20.459547
144.910065,128.196121,37.432114,20.017054
146.332489,127.607407,37.879555,20.550108
145.521622,128.222488,37.462929,19.652754
147.277908,128.511749,34.894230,17.959385
147.945648,126.303139,34.327469,20.713242
144.584732,125.085464,37.879307,21.047701
146.822021,125.803253,36.214779,19.056816
146.080688,125.459869,35.575207,17.779451
145.606613,122.970024,36.885094,20.709917
145.260590,124.366615,35.951340,18.645464
144.176666,122.107819,37.125916,20.448971
144.014282,122.229187,39.744045,19.721016
143.484695,122.653633,36.452381,18.967548
142.657211,122.168663,36.890476,20.121994
141.995728,121.113365,38.596237,20.859516
140.553116,123.535744,36.119358,19.114027
141.134018,121.693558,36.337368,20.527466
138.494888,123.897690,38.064537,18.555290
137.697083,123.320885,37.973038,19.127123
137.186295,123.703766,38.631378,20.965973
135.644516,124.586258,37.750103,21.103971
134.647781,126.157951,39.552662,19.925798
135.409821,125.548035,38.413345,21.249632
134.858917,125.694214,36.740467,22.053493
135.033783,126.196320,35.498955,21.307030
133.518707,126.563675,37.836590,22.056458
134.816162,128.112320,36.309380,19.913641
132.993164,128.571487,36.570354,20.730616
129.488770,127.651657,38.595020,22.815132
130.135864,129.233276,37.170898,20.865000
129.938568,128.348389,37.211880,23.082355
127.192970,131.445938,38.484543,19.571951
128.240387,127.962601,36.878780,24.930630
125.988846,130.404739,36.977196,22.115873
123.264648,129.371735,38.979469,24.236561
121.626114,131.221710,37.864388,22.114679
122.856041,131.307693,37.681957,22.643925
120.681686,131.817352,39.195221,21.891769
121.710083,132.106583,36.207672,21.505253
118.334862,130.296585,38.533344,23.930235
116.706497,130.632324,38.123016,23.249477
116.660698,132.230591,37.595501,21.313828
117.105247,132.243713,36.394123,22.028091
113.401855,131.290985,38.950840,23.539961
115.165512,132.502197,36.254036,22.428284
112.338127,131.092422,37.834789,22.523979
110.157509,130.215103,38.720779,22.453829
107.553009,129.763992,39.683361,22.779545
106.384460,129.452179,41.865223,23.357046
107.776573,130.095398,39.234909,23.040539
105.484619,130.138184,39.793438,22.742565
103.635124,130.245590,40.766621,23.527313
104.352516,128.980621,38.816708,24.643612
102.850052,129.534637,38.925373,24.163773
103.485954,129.756668,37.422794,24.858425
102.787735,130.864960,35.164661,24.003555
102.250168,129.995590,36.483559,24.097353
100.275787,131.540512,36.525089,22.862221
95.665657,130.800629,40.532207,23.984041
98.022652,130.954697,36.910534,23.851585
93.327072,128.523804,40.299919,26.940777
89.407883,130.685043,42.319984,25.271856
91.123962,130.406387,39.473850,25.998211
83.816612,130.112686,43.362457,25.667063
86.520348,128.263535,43.290028,28.638737
86.389603,128.575363,40.529346,28.760622
81.784073,128.255173,42.028706,30.203289
79.839539,127.622139,45.575050,30.645702
74.657120,128.231018,46.507465,27.908266
72.938065,126.296989,49.311810,32.139786
76.104439,126.699936,44.835903,32.294621
74.695145,129.923920,41.805553,28.313570
72.795074,130.283569,42.959198,27.379065
71.860069,129.427628,42.365719,28.758863
67.026505,127.669029,47.175282,29.697309
69.452507,129.045593,44.095703,31.613419
68.270660,130.454544,43.845009,27.672152
