1
441.310699,380.035339,96.650551,54.583076
442.721039,380.116974,98.636604,53.558167
444.581909,380.887970,98.612213,51.962135
444.118073,380.284149,99.835739,53.064045
443.363434,379.566162,101.490349,53.980358
444.681946,380.005005,100.635170,53.728901
445.096344,379.542023,103.362541,55.175308
448.282837,379.262482,100.648178,55.388390
451.024353,380.299927,98.319664,54.305370
453.159729,380.718842,98.702225,54.067322
457.506470,380.239685,97.736786,54.247181
462.019623,379.434021,96.157043,54.777431
468.158386,379.385925,94.071999,54.105934
470.414978,379.765717,93.432129,54.445385
475.792633,379.995697,95.957230,53.680653
480.231964,379.453613,96.807793,53.852943
482.729340,379.139526,97.747719,53.631001
486.267395,378.570862,98.807114,53.122025
486.686768,378.941986,98.785309,52.851055
486.540466,379.181458,100.316788,52.554516
487.242737,378.443695,102.012085,53.525806
491.372528,379.408234,97.699875,52.817703
492.600159,378.513184,97.748871,54.824020
495.366333,378.297791,97.157501,55.666534
498.274658,378.445343,94.559677,55.262650
503.734558,379.322113,90.443146,54.410244
509.364258,379.841034,87.654282,53.358318
511.872070,378.720795,87.523682,54.767738
515.232239,377.666290,88.215492,54.498001
517.976624,378.113953,86.192818,54.202244
521.337341,376.915802,85.850342,54.072433
523.206238,376.502899,85.230293,55.349361
525.200195,376.943512,83.869293,52.991970
526.844910,376.637360,81.679092,54.700581
529.048767,376.739746,79.335121,54.562756
528.900818,376.878021,80.060295,53.434528
532.366455,376.706360,76.598358,54.618702
532.505920,376.218750,75.879517,53.617584
535.938782,377.277649,72.373787,52.926128
536.103027,376.545685,71.739471,53.083214
539.526062,376.670715,68.129288,53.859066
541.701965,376.326843,65.504021,51.293301
540.555481,377.310242,67.331245,51.894321
542.409363,377.356567,64.593369,52.566269
543.285828,376.694794,63.786304,51.793102
543.988037,377.091858,63.431187,50.853123
545.153442,377.209991,62.357201,49.198490
545.060913,377.147522,63.125797,51.156387
546.066162,376.864044,63.042152,50.509766
546.197571,376.684174,63.825363,50.528156
548.200867,376.043152,61.838249,50.819748
549.325928,377.272339,61.611027,49.939816
549.104919,376.264435,61.013363,49.482586
549.335510,377.910980,63.061321,49.526604
551.065979,377.160034,59.231255,50.164516
549.718567,376.876617,62.295467,48.908703
549.277344,377.454407,62.152493,48.275314
551.501831,378.122314,59.442822,49.079082
549.536804,377.970856,60.391579,46.853958
549.221069,378.442871,60.605865,46.860489
548.014404,379.506500,58.773670,46.951958
546.033081,379.769196,57.600468,46.623024
544.420654,377.876587,59.597054,48.408649
542.608704,377.096222,57.020504,48.435841
543.543518,381.614960,54.776249,46.566940
531.400024,389.600006,72.599998,44.200001
536.560303,381.610474,52.751808,45.598553
536.529114,382.523529,53.480434,45.240685
533.384460,382.417603,51.570499,43.556206
530.514526,382.861359,52.081959,43.860641
526.381836,385.715302,54.060623,42.917782
523.900330,385.190063,51.784172,41.419903
523.060730,384.788208,51.765541,40.862625
519.046509,386.330841,55.012611,41.946098
518.664429,387.302338,52.489861,41.064625
517.234558,385.264374,54.813316,44.446236
515.124329,383.293091,54.682026,46.033314
512.439697,383.254944,55.903770,45.810574
512.633118,383.481750,55.538712,45.896599
513.625916,384.106049,53.372448,44.979919
513.286072,383.446655,51.479340,44.569424
510.543640,382.723755,50.420784,45.296593
507.733093,381.874176,52.409435,45.447983
506.558868,380.804077,52.657513,47.377842
506.919800,380.158356,53.001312,48.357918
504.827728,379.279358,51.334393,48.687984
502.974823,378.028656,53.212482,49.486275
502.372101,377.052124,53.856266,50.658081
500.056458,377.957092,55.721783,49.805740
501.003296,376.632477,54.498779,50.125294
499.772034,375.972107,55.326290,51.393951
500.662781,377.299377,54.614254,50.722088
500.016724,377.160370,55.780415,51.662460
502.292755,379.493042,55.807178,49.509018
503.104706,379.113586,55.303146,49.728001
503.595032,379.721527,54.714363,49.407539
502.980988,379.226807,55.652287,48.709217
505.571167,379.806396,54.110863,48.858185
506.893219,379.232483,52.482262,47.150795
507.686676,379.259552,52.140190,47.883965
509.828186,378.515350,50.621235,48.055840
510.379883,378.958282,51.700817,47.084675
510.293640,379.677612,52.435650,47.675274
509.962280,378.645660,52.504158,47.663612
509.866577,378.881836,53.640991,48.461128
508.742432,378.756165,54.871948,47.549938
508.806671,379.846191,55.527409,46.379669
508.787109,379.985321,54.886219,45.425743
508.051544,378.402863,55.872601,48.051643
507.638947,377.485504,56.612720,47.374722
509.848175,379.096100,54.465488,47.007626
510.119476,378.411377,55.433174,46.252003
510.115326,378.816620,56.338657,49.458382
511.787872,378.628143,57.463318,48.333195
511.678345,377.020569,57.684937,50.808453
515.364075,378.535187,57.170776,48.938984
515.546875,379.030518,59.611439,51.300331
516.773010,378.311890,60.877655,51.494061
519.071838,377.650055,61.654499,50.098259
519.695190,378.879730,64.193176,51.603828
522.336670,378.008240,64.608925,50.178280
524.698364,376.948181,64.131027,51.581726
523.464478,376.204803,67.585938,53.038715
524.320251,376.533356,67.202644,52.374306
524.235229,376.736206,67.499229,52.178993
523.614502,376.899567,67.419930,53.581589
524.336060,376.259827,65.899651,53.238098
524.857117,377.106079,63.505772,52.062794
524.074158,376.156250,59.866135,55.046310
522.772522,379.560822,56.675999,52.038097
521.516052,381.264435,53.108635,49.639641
520.245850,381.522522,55.562817,50.752113
518.614502,381.978088,53.450703,49.665222
517.849976,382.595398,51.932495,47.789822
516.501648,381.150696,53.386387,50.201267
514.371704,380.625427,53.027054,49.979431
514.184998,379.777374,51.474468,47.979992
515.709473,383.895782,52.009933,46.727825
513.012207,381.481842,53.073540,49.529095
512.562073,381.557190,52.160069,48.486080
511.690613,381.919312,51.481079,47.326622
511.350433,381.165100,51.318405,46.795677
508.847290,383.358826,54.005611,46.935562
508.657349,382.126587,53.210583,47.633171
509.695526,382.324707,55.343193,49.028839
507.699951,381.212952,51.634300,47.811047
509.850464,382.367767,54.089333,47.479057
508.573486,381.531067,52.604118,47.612141
507.675964,381.064392,53.248562,48.332291
508.683319,381.709198,52.746784,47.861610
508.255310,380.962708,54.708225,49.565422
506.796509,379.678009,54.008293,51.422169
507.402283,378.681549,56.428722,51.948475
505.912231,379.295807,57.940670,51.049576
507.433502,380.088318,60.978920,53.387623
508.487152,380.451965,63.085781,52.371044
508.381165,380.097351,64.555534,52.610001
508.981873,379.760925,65.313347,51.760086
509.563690,379.721771,66.352104,53.229961
508.769592,378.711578,66.370018,54.115746
511.113892,378.704468,66.355377,55.013725
510.678345,378.722809,67.592262,55.025272
510.321747,377.872437,69.263611,55.664032
511.490417,377.521729,68.968040,55.843193
514.510681,377.429657,68.209213,56.855953
518.678040,378.438812,67.475708,56.151436
518.391479,378.957977,70.260979,55.867310
520.101624,379.489349,73.873329,55.512184
522.024658,380.051819,73.611435,55.079403
526.378723,379.873383,72.787399,55.076401
528.956055,380.814697,74.401337,53.280777
528.874084,381.899536,75.567177,52.029892
532.936157,381.222626,75.096657,52.114117
535.258240,381.095337,74.303078,53.574650
538.239990,380.144043,75.315216,54.454727
538.907471,380.002594,76.552574,54.337517
537.449341,378.528595,78.624016,55.349087
535.075684,378.877686,82.610229,55.300373
536.897278,378.040161,81.344795,55.498989
537.222168,377.578308,81.819901,55.303455
537.858582,377.651733,80.620575,54.388512
537.629700,377.486633,80.467850,55.230450
538.347168,377.818481,79.861000,54.446659
539.054382,377.243927,78.271736,54.798267
537.973816,378.149658,78.849228,55.195889
540.740845,378.328796,77.803909,54.228489
541.891663,378.685211,77.574074,53.656353
544.891479,378.105957,77.173347,53.820232
544.203552,377.368103,78.673424,54.025421
546.541443,376.368530,77.906418,55.396355
549.595520,376.579620,78.657631,54.960041
550.168762,375.951965,82.305977,54.888252
553.022949,376.838440,83.380302,54.282944
553.638367,375.498474,84.817177,54.562386
555.704346,375.504028,83.977402,53.830357
557.188416,374.620056,84.239311,53.990158
557.110596,374.329956,84.682045,54.235626
558.318848,374.329712,85.837135,53.821060
559.296753,374.173431,84.329407,54.074974
560.885803,373.194153,83.422409,55.493431
560.732056,372.938721,82.928444,55.935188
562.089844,373.670044,82.622673,55.514862
561.289062,373.680237,83.731567,55.677483
564.612793,372.851044,81.774719,54.889633
564.000488,373.231171,81.548653,56.137333
566.070312,372.159607,83.123207,57.523018
564.742615,371.782867,86.468681,57.218922
569.014771,370.850372,82.690720,57.622574
569.308044,370.478607,82.740738,57.257320
572.258362,369.236725,80.829826,58.663994
573.712646,369.878967,80.053116,58.980125
574.164795,369.514130,78.905800,58.295849
573.625000,369.924744,81.479012,58.234280
572.229187,368.640228,83.783165,60.163136
572.723633,369.382324,83.607826,58.048553
573.517517,369.725708,83.552444,58.644146
572.241028,369.072906,85.230812,59.375618
570.562500,368.299927,87.615051,59.893581
572.290710,368.489288,87.323929,58.984329
573.136230,368.316132,86.666824,59.256645
571.148682,368.253296,89.792099,59.594017
572.512329,368.412659,87.868729,59.190887
573.659058,368.196442,87.003441,59.418713
573.287476,366.799194,87.941864,61.507660
573.885132,366.137360,89.102470,62.143303
574.991333,367.090057,86.640366,60.847218
574.734985,367.461639,86.952751,60.942814
574.834900,366.945831,87.006592,61.724827
575.601379,366.838623,87.528358,61.153305
576.240417,366.265045,86.394142,61.780746
574.769104,366.516449,88.349205,62.127235
576.994629,366.246063,88.004036,60.694721
576.226624,366.637329,85.911537,61.841553
574.305603,366.662842,89.474136,62.503696
575.401001,366.817871,87.399170,61.608891
574.912109,365.942169,89.316101,62.864475
574.301636,366.599884,89.133827,62.952709
576.584534,366.260773,86.506523,62.871529
574.294739,366.402496,89.101418,63.187237
576.566650,367.192657,85.645317,61.636219
575.716919,366.834290,86.351509,62.634674
576.247620,365.677795,85.318642,64.105995
576.559753,365.574036,85.819000,63.819389
577.553101,366.312836,85.322624,62.393539
578.113464,365.587524,85.325607,62.656281
576.580078,365.386597,85.194046,64.365738
576.499573,365.174683,85.975555,64.679924
577.121765,362.974945,86.555702,67.148842
579.189575,364.014099,84.698959,65.221016
578.656250,362.997223,85.487152,66.335274
578.735657,363.957947,82.845169,66.224670
578.383545,364.290222,84.574509,65.456085
578.194580,364.018768,84.569992,66.030190
575.934143,364.211670,87.729813,66.166397
577.430664,364.988617,85.314003,64.994873
576.738281,364.147400,86.594292,66.172691
577.861511,363.568878,84.969566,66.912315
577.682129,365.123108,85.228531,64.712189
577.408630,363.576294,87.146103,66.199242
576.959290,363.368988,87.272949,66.238075
575.581360,364.432281,87.585159,65.820450
576.321472,365.265594,86.595375,64.279640
575.114929,365.817139,88.184250,63.932716
573.567017,365.428680,90.206017,64.978073
577.003418,363.973724,85.337502,65.511597
576.808594,365.421448,85.458694,64.275665
577.118042,364.035248,85.405670,65.717598
576.317749,364.127594,88.598000,65.543686
575.171509,365.069275,88.321808,65.329071
574.738647,364.626343,88.950562,65.103470
575.626953,366.087860,88.125443,62.721127
574.914124,365.311554,89.086998,64.535561
576.141479,366.692932,86.482361,62.121071
574.386902,365.611694,89.302559,63.880516
575.325806,365.297058,88.660851,63.765339
576.785583,364.064697,88.129799,64.701958
576.010681,365.514740,87.448486,63.403748
574.548218,365.908447,89.248001,63.209942
576.945374,364.486023,87.208931,65.223328
576.037415,364.955139,88.458321,64.051529
576.886475,365.305542,87.743324,63.417488
577.072510,365.360443,88.047585,63.240471
577.458069,365.574585,85.120987,63.583633
574.351501,365.194275,90.577065,64.298820
577.213501,364.001709,86.938301,65.284531
577.034241,365.400543,88.907501,62.587429
574.394409,364.435547,91.248978,64.964767
577.711182,364.896057,86.722092,63.868103
576.878662,365.275208,87.832733,63.619232
577.569092,364.762787,85.838341,64.418869
578.209412,365.074005,84.883575,63.843014
578.652588,364.592438,84.584465,64.188301
578.747803,364.659454,85.389175,63.867352
578.402466,364.754608,84.792068,63.914913
577.609375,365.249573,85.425461,63.752018
577.064636,364.086548,85.639801,64.329536
574.027283,364.489624,88.130745,64.628647
576.362000,364.061279,84.846703,63.964779
575.969849,363.782166,84.708824,64.858719
575.621094,363.583099,84.750015,65.385788
575.243225,363.690613,84.872330,65.077179
575.759033,362.998169,86.418655,65.810387
575.301697,364.878387,85.909370,63.450970
576.501404,364.380096,85.219604,64.083786
576.425781,364.013702,84.549706,64.545311
576.581970,364.364746,83.647659,64.611481
576.900757,364.163696,82.963516,64.930565
577.576721,363.870300,82.448952,64.951630
578.081604,363.325958,80.662521,64.700012
576.707947,363.410126,83.369232,66.058121
577.323608,365.196838,82.563980,62.530628
576.663513,364.353699,84.021233,64.521378
577.426819,364.436493,82.540863,64.434288
576.113464,363.965729,85.017853,64.922478
576.258911,365.888977,83.784103,62.072750
574.635620,366.130615,85.317024,62.334015
577.066406,364.552795,82.778999,64.390221
575.319397,364.088715,85.921761,65.448669
576.478333,364.006226,84.490028,65.565483
576.535400,364.254272,84.641281,64.881660
571.155334,364.900360,90.084694,64.854820
571.300232,365.097687,89.811661,63.862682
574.268921,365.178894,84.955681,62.543053
573.489380,364.717896,84.499512,63.758881
571.587524,364.248077,85.482643,64.578545
570.778931,364.565399,85.973000,64.440414
569.485596,364.949341,86.984177,64.203979
569.560730,365.549591,85.422630,63.788528
566.479431,367.039917,86.848625,63.150101
568.091797,365.962830,85.131287,64.771271
567.553650,365.352783,84.814613,63.941120
566.962341,367.157318,83.481361,62.796982
567.663208,365.006195,81.408333,63.509296
566.877930,365.626190,83.918396,64.378845
566.054077,367.517639,81.873024,61.713615
565.265503,365.587311,81.531723,63.595871
566.374695,365.289551,78.619789,63.601883
565.052612,364.138885,79.631371,64.532631
564.832886,364.913940,79.047768,63.999340
565.211975,363.284943,76.903923,65.921165
564.197937,365.790070,79.149063,63.356125
565.318481,364.606201,77.432816,64.343323
565.645508,363.959229,76.463921,64.258369
563.671265,365.170837,77.815857,64.011375
564.188660,365.535278,75.589653,62.826447
566.171143,362.663849,74.690521,65.174156
564.511963,362.555267,76.403488,66.081497
564.911011,364.405731,73.877625,65.646164
567.176453,369.323303,76.429115,67.540535
570.009033,372.806427,78.479355,68.042320
571.934937,376.998383,83.709641,71.997581
575.681519,386.394684,87.727814,73.093506
581.739685,389.052307,82.818336,70.503403
588.091064,397.599884,82.603111,70.275475
586.874451,400.756256,87.363052,74.534256
593.955322,408.449463,92.418007,76.362701
597.074951,418.607086,94.110901,77.873528
607.541077,424.385742,86.000175,72.806129
611.547424,434.190643,90.557205,77.693703
617.480896,438.919922,94.395592,79.062531
626.855774,448.697479,92.311783,75.804581
634.361633,464.140900,95.590889,77.013184
641.888367,470.977753,93.654160,74.275383
646.941956,476.107697,98.310844,75.822311
647.156311,478.137939,97.242645,72.855095
645.350647,476.114929,101.436188,76.229996
642.270203,476.801086,103.533966,75.208099
644.590149,473.876862,103.620445,78.932076
644.404358,474.853302,103.000153,77.144814
642.268921,472.451660,105.457878,81.381195
640.538940,475.084106,106.868866,79.808708
640.074646,471.575317,108.162567,82.666618
639.764221,473.511993,107.446320,79.796936
637.663452,476.082458,109.195641,77.654785
639.581726,474.286743,106.176048,77.998680
640.484009,469.372345,106.453621,83.901779
635.659729,473.546112,110.440781,80.895576
637.094666,472.183746,109.252022,80.283272
634.316345,471.704987,111.194244,82.743088
635.653442,472.295959,108.933868,81.040985
636.583252,467.255737,109.715584,88.167580
632.957520,473.061737,111.272842,79.895584
632.442749,475.814606,111.697044,77.820236
632.894104,469.728027,112.865944,84.283104
631.549988,469.346741,114.750229,84.292389
633.066101,472.210083,113.136826,77.642242
633.064514,466.467285,114.623505,81.780624
629.799988,465.799988,114.599998,71.000000
637.042175,458.794403,107.971725,78.558426
639.281494,464.400269,111.012352,77.637047
639.823853,461.698608,109.928406,78.721588
640.778809,460.435181,108.122063,77.898727
637.669800,461.346741,112.088875,78.346039
640.606995,463.938995,107.302330,73.082390
641.526672,456.680847,100.768585,75.641830
642.483398,463.426910,103.771538,72.036667
645.169678,458.551941,97.645271,74.096130
642.956360,459.549927,101.842262,75.096252
637.964844,455.076263,103.575546,77.684044
634.745178,459.436951,108.442856,76.730881
634.090820,464.001343,105.811493,71.628777
635.540344,458.366760,107.342636,76.993729
635.742493,453.648438,102.193977,75.767616
634.168152,454.912018,105.617958,79.391350
633.002136,457.070343,104.691658,75.239891
628.586792,457.165375,106.176376,73.754997
609.844055,443.973114,108.691063,79.115921
605.774719,439.535614,101.571213,74.033287
598.699158,429.006134,100.299576,70.446892
589.623474,426.457733,99.883041,72.844063
584.163513,421.137390,99.198212,76.212563
574.770508,414.319519,98.352562,79.895569
540.304565,427.904968,114.278130,83.059479
545.731628,414.564270,104.537613,83.248505
544.860718,404.379395,103.073975,83.857285
537.946228,392.303925,102.752968,86.195152
519.685974,392.502380,119.199974,87.545944
530.629578,384.295959,105.325661,84.511887
524.194275,378.182495,108.187782,84.050247
522.557739,378.169617,106.200821,79.863800
516.524780,381.011078,113.015434,81.338051
522.418579,377.629547,106.389336,80.653931
521.961487,377.956085,105.241936,80.415276
517.896851,380.745331,109.012245,80.494583
517.504517,378.496063,107.629082,80.997322
515.363892,380.548218,110.053284,81.527878
530.613281,373.892426,92.134193,80.931236
511.174957,378.110901,112.453697,84.727386
517.239380,377.117767,103.670532,81.235214
524.395203,377.080414,97.316521,80.018738
512.974548,377.995270,108.445930,84.311821
512.494446,377.337585,108.294579,84.948273
516.955139,376.077179,101.778084,82.773277
519.894165,377.518066,101.229187,79.851463
513.473694,378.160034,105.882744,82.187927
515.258911,376.544189,102.760216,82.768295
514.590820,377.162170,103.286079,81.333099
516.256409,375.599823,102.478882,84.215919
521.947083,375.656433,97.459747,81.235649
523.572021,374.140472,94.913635,78.720444
521.913208,373.986877,100.733810,83.758667
526.381897,374.263306,94.169189,77.828819
525.814209,373.112701,95.556015,79.981819
527.908447,373.549622,93.787361,79.949959
527.263123,372.983673,96.442001,82.981644
532.566650,372.389984,92.050476,78.240623
530.307373,376.955872,95.175217,78.273064
534.883118,373.048889,92.311058,77.805267
531.910645,374.242401,99.315979,81.174141
533.664795,370.830933,97.141144,81.181297
534.385010,374.160339,95.099098,79.163841
533.368530,371.917938,97.168137,81.307205
534.672485,370.562012,95.868393,81.670876
533.256714,373.600220,95.522247,81.338165
533.196777,372.695923,96.602158,81.574242
529.929993,372.236023,96.933311,82.778717
534.670471,371.633484,94.274399,82.157440
531.005676,374.921906,99.784462,88.235428
533.970337,371.139404,91.141205,79.230804
533.731506,371.775726,93.020905,80.337349
534.074829,371.307404,93.200569,81.909660
529.907471,375.146973,93.365234,83.208588
529.412842,375.172668,92.476357,84.069328
528.214233,373.741669,91.283104,82.597969
531.969971,375.394379,87.882263,81.302612
529.590454,374.014252,90.857399,81.743599
528.484070,374.549957,91.926392,82.396263
528.947021,373.741638,90.004265,81.678635
527.312195,370.591919,90.025627,80.642075
529.009033,371.955933,89.892685,80.314667
527.546448,371.303955,88.491402,81.731018
529.189697,373.438843,88.254272,80.906303
527.395752,373.585602,83.873955,78.419922
525.782349,373.833710,83.906128,79.042641
528.775269,374.249237,85.348373,80.341263
529.524902,374.767792,88.251488,82.666313
527.825806,372.989319,90.266083,81.403687
527.666626,372.354980,86.846489,78.257469
525.257202,373.769867,83.334862,76.076157
526.169434,373.583099,82.542892,76.635109
525.897278,370.815765,78.531097,73.976936
527.776428,373.766113,81.730507,77.789764
526.210266,373.993439,79.734955,74.541908
527.388428,372.554230,82.060333,76.948463
527.519165,372.800323,79.880257,74.970459
528.436646,373.843292,82.125755,77.679573
528.284668,374.035065,81.959091,77.425575
528.838379,375.204865,76.662018,73.364876
529.967957,372.767883,75.804825,73.582909
528.932800,373.112183,75.011200,72.985382
526.209412,374.418518,79.964897,75.363319
526.924744,373.392517,78.541649,75.568550
526.387390,373.459351,79.217316,76.171539
525.965515,373.898346,79.628815,76.064064
527.010254,372.682007,74.802940,72.063751
526.930908,374.196777,76.940872,73.689659
527.119629,373.746521,75.570328,72.559517
528.160522,374.924774,74.260162,71.769852
528.243530,374.822937,74.262787,72.740143
526.283936,372.997467,72.445488,69.106384
527.547363,375.565979,74.448273,71.693672
527.887512,374.530396,73.447388,72.270485
528.595947,375.673676,71.096741,69.266273
528.836975,373.920380,73.880447,74.043518
527.842773,374.600281,72.536484,70.067352
529.885254,375.954651,69.925179,69.027504
528.671631,376.259338,71.459564,69.383301
530.170959,374.666565,71.811661,71.710480
527.992371,375.709045,70.650444,67.143929
529.127869,374.794556,71.317307,70.989990
528.231445,374.224884,72.659706,70.452583
529.434204,376.686584,72.540771,68.335052
528.841980,373.954712,73.145767,69.879402
528.546631,375.938019,74.636322,70.074333
530.606201,377.415131,73.794357,70.081863
530.622681,374.818420,73.219475,69.651566
528.429749,374.931427,73.052910,69.064735
530.839905,375.913879,72.432152,69.443260
529.684509,373.329041,74.496407,69.397064
528.630615,377.504120,70.790695,65.685020
529.653137,376.469238,72.849953,67.815277
531.356689,376.864807,70.390686,67.955170
529.799988,376.063538,70.205734,65.625092
528.231995,378.145294,73.229118,66.981743
529.195251,376.253723,73.410103,69.312073
530.285034,377.874176,70.341225,64.252724
529.156677,378.343658,70.242043,64.158775
528.999268,376.106842,71.709396,68.039742
529.497498,376.451965,73.495262,68.575424
529.249451,376.359589,69.799103,65.150215
530.093811,375.866821,72.463463,69.157867
530.591614,376.096954,71.446945,67.684181
529.835327,376.004730,73.344513,68.314865
528.815674,375.813904,74.984360,70.288597
529.904602,377.424347,72.838272,68.129799
530.209290,377.994659,69.647659,64.400475
530.740662,374.092499,70.149887,68.849487
528.517334,374.945892,70.914024,69.106285
