1
168.875214,65.186775,84.766068,62.628342
134.992157,91.778976,80.111565,59.829750
107.463936,104.599976,78.518387,60.513512
79.599998,107.199997,82.400002,63.799999
70.056213,111.794258,68.467484,70.359726
65.641922,125.508087,68.237846,69.426506
68.612991,134.815857,69.142494,71.338516
71.611046,145.422089,82.040619,64.085297
112.687866,153.993469,75.908081,62.279137
136.114502,147.211655,82.189537,64.566719
167.270264,131.489319,82.642090,67.985214
209.240021,131.899643,78.537704,66.414268
242.901978,135.412613,70.413742,68.428978
264.227142,137.069626,78.716347,67.222015
288.668365,137.106598,86.322983,67.646591
303.855408,132.811737,89.290466,67.655807
298.077240,143.456055,87.579819,70.846031
307.444275,138.478973,80.081856,77.018761
330.534180,145.796143,78.730682,76.677856
358.785675,154.188354,84.703812,74.195869
368.047913,162.312744,88.116241,69.557663
374.762909,177.816391,82.987473,66.948097
376.550476,184.127502,80.061287,66.907394
382.691345,180.085709,73.932266,61.446411
373.022552,167.753098,69.700325,65.885612
352.245789,143.602417,72.765778,70.781143
324.485199,134.379547,72.511475,67.468910
291.776642,127.703751,73.627663,63.782745
275.300110,134.392242,70.920753,56.268600
268.942169,144.197174,71.703873,52.185921
263.895599,150.115097,69.966637,54.196438
245.364960,148.619781,71.327278,55.280888
226.203094,152.482391,68.502762,57.922256
214.391830,150.694885,65.715813,59.902267
196.124924,136.820480,66.290306,60.434578
177.014694,135.387253,66.185509,61.633293
163.692947,135.295288,69.280113,60.287117
160.085632,136.371674,67.433838,59.688400
166.813370,133.972046,66.868279,60.692245
178.492188,121.740845,65.780273,54.535770
195.155487,129.738022,57.021896,49.782429
180.000000,128.399994,76.199997,59.000000
197.425629,143.002640,64.524010,52.021004
216.315659,138.451141,63.139519,50.333515
231.409500,140.244720,62.172153,45.748394
259.817810,143.008392,55.121944,48.376190
280.578033,142.777130,56.271000,51.187531
296.428375,145.146805,54.795399,50.290474
303.071655,152.867310,52.187866,43.736526
304.184570,151.334335,52.801003,44.678219
309.301422,147.243973,53.728306,44.491615
316.637512,140.254120,50.739605,46.637238
322.399994,138.800003,64.199997,49.599998
330.600006,120.000000,63.400002,49.000000
336.000000,125.800003,62.599998,48.400002
343.600006,125.000000,61.400002,47.200001
352.600006,127.800003,60.000000,46.000000
352.200012,127.000000,58.400002,44.799999
352.600006,123.800003,57.599998,44.200001
353.100525,122.542076,53.330002,46.323444
353.687134,121.266914,54.915771,44.156754
350.399994,119.800003,57.400002,44.000000
348.885468,123.923492,54.398720,45.748352
350.176514,126.989853,52.766396,43.835609
349.961273,125.342346,52.774841,41.813656
352.025482,127.105789,52.025215,42.831177
350.657288,123.771767,54.075100,45.355602
352.011230,124.892151,53.030979,44.642303
2
0
0
0
0
1
312.935852,162.466339,60.104584,50.413883
325.799988,174.399994,71.199997,49.599998
343.799988,172.399994,71.800003,50.200001
2
0
0
0
0
1
231.746613,165.912033,41.555984,52.797108
234.746552,165.257507,42.656731,49.908569
245.770264,158.824982,41.347336,57.551044
260.799988,157.600006,41.599998,50.000000
270.799988,156.399994,42.400002,51.400002
292.546661,164.474915,50.070389,53.909901
309.508545,170.568558,52.701614,53.007202
318.232758,170.642120,50.639420,54.869915
336.863647,164.361923,45.528881,51.219086
339.839905,159.227249,49.718136,48.875629
344.224396,158.837219,46.205994,50.711941
345.815033,159.016754,45.829041,53.062309
369.755981,168.292267,39.091354,52.931721
382.799988,167.000000,41.799999,50.799999
400.000000,173.199997,41.200001,50.000000
398.799988,171.399994,41.400002,50.200001
389.134979,184.405685,46.158257,57.933380
371.005249,185.126144,50.625473,56.644264
353.709015,185.546814,45.121273,54.097290
346.814667,186.499023,34.790806,51.131805
2
0
0
0
0
1
163.937958,197.986847,44.718338,66.140266
165.409531,204.562744,47.173069,64.491089
175.029999,203.881363,51.162952,70.399590
194.700195,207.529388,51.194176,73.332787
223.903824,213.408249,47.854259,70.611504
243.371613,215.634644,46.246269,74.465263
267.668152,212.301636,48.573399,74.045776
294.600006,212.800003,42.599998,67.400002
314.965057,212.200516,52.722694,63.244457
312.701660,212.650818,52.621544,63.508038
318.885315,204.551849,42.542355,73.452217
309.399994,205.199997,42.599998,67.199997
315.000000,212.600006,43.200001,68.000000
329.600006,184.199997,43.000000,67.599998
342.600006,182.800003,42.599998,67.400002
322.200012,182.399994,42.599998,67.199997
304.600006,182.600006,43.400002,68.800003
287.200012,186.600006,43.000000,67.599998
284.399994,188.800003,44.000000,69.199997
277.200012,191.000000,43.799999,68.800003
306.302521,191.544983,43.509434,77.133583
2
0
0
0
0
1
302.310974,186.802948,75.350288,73.044365
299.123108,184.910873,77.532211,73.821342
294.932373,185.828430,74.336380,71.613190
293.808868,182.016174,67.762077,67.790550
279.552185,173.932495,70.750832,62.232632
273.388855,168.580017,66.284798,60.685852
269.217377,163.721497,62.600895,64.753128
271.200012,155.399994,70.599998,69.800003
242.651932,150.978119,55.705536,63.431309
2
0
0
0
0
1
269.590027,162.625763,49.221870,56.093399
272.186584,157.227890,48.873260,58.925228
280.600006,157.000000,48.000000,56.599998
276.399994,151.000000,48.000000,56.799999
2
0
0
0
0
1
381.241394,168.621918,56.477528,46.183884
373.360657,186.456772,59.362396,48.558716
369.234314,181.657455,58.976231,46.645172
372.734436,177.136368,61.345684,48.045841
368.020844,171.785385,61.634869,50.021515
362.934418,171.915131,61.578678,48.321434
368.056519,175.006058,63.665215,48.954113
375.996002,174.533951,66.396561,49.987358
380.257355,174.669159,63.310738,46.588856
371.186249,172.724930,59.274891,45.074627
370.008484,176.530716,57.538891,45.288029
375.522369,187.746597,61.367455,47.543732
395.502686,195.823318,61.631226,49.165653
