1
167.736801,63.865154,84.928246,63.826149
133.000000,81.000000,82.000000,63.599998
102.400002,94.800003,81.800003,63.400002
77.000000,108.199997,82.000000,63.400002
58.799999,114.000000,81.000000,62.599998
60.200001,123.599998,80.199997,62.000000
59.599998,142.600006,79.599998,61.599998
69.000000,141.600006,80.400002,62.400002
110.763969,153.464874,78.363785,61.783184
136.924728,146.038483,80.679543,63.991867
163.600006,131.000000,80.000000,61.400002
203.199997,132.800003,80.400002,62.000000
243.523346,135.020370,73.506104,66.773064
266.942810,130.464249,73.468460,64.210609
289.266541,135.778748,84.988960,66.077988
304.307617,135.084824,88.242989,64.695099
296.663910,145.153244,87.346199,70.013100
306.414429,140.082611,80.999107,76.378494
329.052856,144.826324,81.602081,75.237984
355.751953,157.330154,88.455765,74.283386
369.038483,162.764252,87.595085,68.941406
376.201416,181.970901,77.931091,61.583492
378.738007,187.460419,75.096382,62.701031
383.201843,178.383286,73.344032,60.338802
373.283508,163.766159,71.285736,63.949993
351.335724,140.740570,69.553154,66.619476
321.877533,137.417862,74.229240,65.587006
290.612061,133.452698,76.692848,61.040741
271.385498,140.478485,73.394592,56.095013
266.720947,143.194260,72.962410,55.407841
264.286163,152.336975,68.836349,50.307076
245.687469,149.558655,67.455757,52.555099
224.399185,148.839600,68.803307,53.988880
210.817200,150.543884,67.564781,55.447857
193.215057,142.625473,68.995003,55.396263
179.280991,134.850021,63.996403,58.060394
164.519867,136.687637,65.161789,56.391792
163.534271,137.331909,64.041672,54.572964
165.162552,133.456528,69.613853,58.475822
178.185562,124.371033,64.550865,50.875370
186.387772,128.811630,59.528831,45.636654
186.792313,136.877747,61.442104,45.855392
194.488373,142.327591,65.831184,48.665771
213.694336,139.713730,61.819420,50.447048
233.808929,140.151474,60.315666,43.742222
257.581696,146.132843,54.559952,46.377106
279.208771,142.045349,55.246147,51.433926
293.698120,148.683289,53.314743,46.596329
302.206543,154.802322,51.948090,41.732655
304.194885,151.121933,53.981728,41.618237
304.466736,151.659668,50.945099,41.767117
317.906342,140.556366,50.158787,44.211124
328.799988,133.600006,60.200001,46.200001
331.200012,122.800003,58.799999,45.200001
336.271729,127.069580,54.790237,45.455589
343.600006,126.199997,57.599998,44.400002
351.034515,126.328415,56.115257,44.998230
348.848724,128.735443,53.411465,44.231892
349.765167,123.355392,54.053852,45.691105
351.549530,124.654068,51.298748,43.572731
349.442841,123.316025,51.483299,42.787590
347.375214,124.269836,51.899925,42.583744
347.527466,128.065308,51.715004,41.001747
349.013641,126.542747,50.029705,42.160076
349.947418,124.902924,49.149906,42.331535
349.240387,129.291443,51.336243,41.771164
351.969727,131.674164,48.836048,38.858952
351.764496,129.266449,47.537411,40.652046
2
0
0
0
0
1
312.319733,162.784012,59.657944,50.101513
337.600006,177.600006,68.400002,47.799999
2
0
0
0
0
1
235.599701,173.056366,46.602768,47.668697
231.050751,168.847977,45.699219,49.043266
235.300369,167.472351,45.899681,46.886612
246.131516,160.506042,45.701805,56.732327
255.399994,161.399994,43.000000,49.000000
273.399994,158.199997,42.799999,49.200001
294.175903,166.615189,50.351696,51.963795
311.035217,172.422974,52.483944,51.232384
320.645782,172.391754,49.614159,52.438358
334.051575,168.106216,55.840691,51.290142
345.000000,157.399994,44.400002,51.400002
346.854340,159.745682,48.564869,51.938995
345.464630,162.511230,48.227093,52.373783
367.310608,166.482086,41.375145,55.449020
379.600006,164.399994,45.599998,52.799999
385.399994,159.000000,45.000000,52.000000
2
0
0
0
0
1
263.362640,187.147888,26.876144,57.409286
239.199997,184.399994,29.000000,58.000000
220.994919,183.219070,26.752876,52.522026
202.813156,184.629715,27.000483,55.387318
187.000000,192.399994,28.799999,57.599998
185.973389,199.830338,28.563480,57.315609
192.349396,203.000854,27.035852,59.784897
206.000000,200.800003,28.799999,57.400002
227.800003,201.800003,29.000000,58.000000
252.800003,207.399994,29.200001,58.000000
267.399994,213.600006,29.200001,58.000000
288.000000,214.600006,29.799999,58.799999
271.600006,221.000000,30.200001,59.599998
2
0
0
0
0
1
341.399994,189.600006,49.799999,84.400002
344.799988,206.000000,50.400002,85.599998
361.600006,243.800003,49.599998,84.199997
382.000000,256.000000,49.200001,83.800003
369.799988,276.000000,49.000000,83.599998
2
0
0
0
0
1
324.799988,184.600006,58.200001,86.000000
333.200012,187.399994,58.000000,85.599998
330.799988,184.600006,57.200001,84.400002
327.200012,183.800003,56.799999,84.199997
322.442596,187.651031,57.343987,76.786057
320.799988,179.399994,54.799999,81.000000
304.444214,172.359436,56.159996,72.645805
296.658966,167.709015,53.225105,68.843948
282.442261,161.911133,53.130993,71.112137
274.889038,159.087982,55.939663,70.159477
290.735596,157.537277,42.706535,66.254265
282.200012,137.600006,52.400002,77.599998
288.359772,155.650024,43.800014,61.910202
288.585907,153.051605,45.975414,61.949207
290.421509,159.462753,48.015045,61.775715
289.137177,157.043259,50.491989,61.699200
270.569214,164.259369,49.168606,66.845955
265.919678,161.166275,52.377064,63.191517
259.832916,159.473633,51.924252,61.793251
278.462708,161.320160,45.876148,60.474487
274.200012,139.000000,50.599998,76.599998
310.799988,134.199997,51.000000,77.000000
344.075684,139.216812,48.387928,60.495350
353.915955,161.709045,50.386383,61.483715
387.387726,140.735107,52.023117,64.945709
381.115234,143.695557,52.770584,65.496597
400.106354,153.972565,50.137745,59.877029
400.235596,163.920837,50.487324,61.656628
397.607910,181.605667,53.196564,61.006374
391.794830,178.667389,50.305431,58.620266
391.006134,176.403595,52.535133,62.181889
385.020935,173.450439,50.983448,62.259979
381.256042,173.710312,49.357269,64.564423
389.557526,177.643829,48.940601,66.070816
394.261444,175.553635,52.587944,67.484772
398.550446,176.337219,50.625874,66.793549
387.441162,176.534348,52.870277,63.289921
363.704681,159.359238,59.507824,71.415276
371.142700,185.009064,59.435833,62.888660
411.465820,198.577682,52.197479,66.016151
