1
167.427902,65.977242,86.635406,60.897053
134.587677,89.592163,79.212692,58.465214
105.199997,98.599998,81.800003,63.000000
79.800003,105.199997,82.000000,63.200001
57.400002,111.199997,82.400002,63.599998
61.000000,120.000000,81.199997,62.799999
61.799999,140.000000,80.000000,61.599998
69.443558,143.362427,83.229073,66.202805
109.393883,154.186371,80.188492,61.613701
139.170746,151.126266,79.644592,59.988609
168.328735,128.568237,81.898361,67.456970
212.544296,126.075287,74.676178,62.325809
245.692978,132.910950,68.994965,62.616325
268.908691,132.154877,72.252243,60.123436
292.807251,141.819687,84.787842,61.414295
303.078369,135.777878,92.360077,67.240349
298.515289,130.694061,87.337791,70.595757
306.893555,140.875961,78.983398,75.352013
329.944824,147.372604,79.385254,73.232330
359.769653,158.148865,85.823883,66.797745
369.096375,166.976196,85.407379,65.924545
378.209290,181.169556,75.185616,61.908058
381.210876,183.745728,72.185997,59.513981
386.392151,178.524918,70.373924,58.545940
374.612305,169.387436,72.294769,59.894848
353.168671,146.587692,68.150398,66.268562
324.649963,136.918640,70.732605,64.875977
292.614014,132.838348,70.288406,58.752880
276.602722,135.826096,69.150024,53.216408
266.853149,143.363632,72.875580,52.593746
261.427002,153.627945,73.680862,48.471104
245.152390,151.736450,70.858192,50.546436
223.716949,151.012558,69.783981,52.297966
212.206436,152.198303,66.707916,51.419449
195.675323,139.975037,66.245140,53.861687
179.319153,137.058121,63.404701,57.909000
164.723724,137.692154,64.813065,53.865376
160.642609,136.815948,65.696167,56.595566
168.550613,132.304626,65.030342,54.073776
179.756805,124.187210,64.695145,50.074776
188.738632,132.062057,58.940777,46.266117
185.000000,134.199997,67.000000,52.200001
198.865723,141.977158,62.601444,45.216118
217.314270,137.999741,60.658741,43.840031
235.067276,143.676971,59.152302,39.345833
255.265045,144.044327,56.614273,45.049065
279.478729,144.131729,53.966183,48.876556
296.264862,146.825974,52.647892,47.877689
303.636292,151.177399,52.976616,43.207752
304.754456,151.120422,55.075401,41.560379
304.544220,150.769440,54.893539,42.121365
320.547455,141.682510,47.285324,40.459656
325.200012,142.000000,59.000000,45.599998
330.399994,147.000000,59.200001,45.799999
329.600006,166.800003,58.599998,45.599998
344.399994,186.800003,58.200001,45.400002
346.000000,188.800003,58.599998,46.000000
345.200012,186.600006,58.799999,46.000000
322.600006,159.600006,59.000000,46.599998
327.805115,150.925888,49.070465,44.750969
322.799988,148.000000,57.799999,45.599998
320.399994,147.199997,58.599998,46.400002
316.799988,155.399994,58.599998,46.400002
308.356506,156.419098,52.000195,45.040596
304.533875,160.485123,51.869198,45.215336
304.382446,163.844604,53.119854,44.657028
304.346069,162.994614,50.772297,44.626522
321.799988,165.399994,57.799999,45.799999
328.799988,159.800003,58.599998,46.400002
347.600006,168.199997,58.400002,46.200001
336.799988,167.399994,58.599998,46.400002
312.229065,162.910660,53.684120,48.682335
298.585968,159.693420,55.167904,46.742119
296.371979,161.912231,54.963737,45.865738
306.338379,163.061584,53.002930,45.545715
290.399994,155.800003,57.400002,45.599998
292.399994,150.600006,58.599998,46.599998
313.200012,169.600006,57.200001,45.400002
301.399994,170.199997,57.200001,45.200001
283.656586,169.873215,44.849545,44.098118
263.809967,170.829391,49.385502,45.725391
245.288483,171.771744,49.311714,46.169373
230.569550,169.836716,49.711243,43.803570
222.675461,166.483643,52.752205,44.635483
230.847000,164.462814,48.792061,43.068798
240.003448,160.780594,48.603771,46.211418
256.831116,151.638916,52.755157,43.776199
272.143036,158.528793,58.430882,37.212551
290.932800,161.460114,52.383087,45.760414
309.980713,172.391006,49.856712,43.549080
322.599670,171.368790,46.235531,45.360325
334.569855,163.918686,52.870132,45.119572
339.343231,158.862701,54.208233,38.890144
341.443787,156.000137,51.745831,40.493462
345.796021,157.126465,48.983391,43.344257
363.729462,170.156769,44.036289,43.161507
369.399994,166.399994,55.799999,43.400002
372.600006,171.399994,56.000000,43.400002
387.799988,173.600006,56.200001,43.599998
388.757172,186.916931,47.031357,44.803036
367.521362,184.066833,52.192169,49.768753
354.379364,177.185638,48.527332,47.831612
333.380798,188.823914,44.349571,44.928394
2
0
0
0
0
1
163.990921,198.807419,44.644024,66.230751
164.558441,204.104034,48.317947,65.129158
172.696671,204.381241,55.328632,70.533417
197.691238,210.275024,50.452553,67.890160
219.850632,213.413132,53.505810,72.570984
243.396942,217.125000,47.575272,72.638634
274.200012,214.199997,40.799999,63.400002
293.803162,217.740051,53.448669,61.570076
313.769440,213.196899,55.475597,59.664665
313.086731,214.100037,55.745373,59.363815
318.200012,207.199997,40.400002,62.599998
308.000000,212.199997,40.200001,61.799999
314.799988,216.000000,40.000000,61.400002
321.399994,189.600006,40.000000,61.400002
305.600006,175.199997,40.200001,61.799999
301.000000,166.000000,40.599998,62.400002
295.305206,181.302597,44.956326,67.258453
287.399994,189.600006,40.599998,62.400002
287.287170,191.878693,40.389324,64.598572
279.767517,193.983551,41.220245,60.761414
311.291931,192.960510,38.977428,64.020119
2
0
0
0
0
1
302.481354,188.034180,75.670250,71.382370
299.918701,186.594559,75.278908,71.360710
295.699799,186.863190,73.008163,69.544907
294.686890,182.827271,67.399216,66.708542
280.785339,173.359177,69.037331,63.113201
274.541321,169.022339,66.079834,61.424973
268.443604,165.039642,65.000908,60.811443
267.000000,153.199997,73.599998,72.599998
243.399994,148.199997,72.599998,71.599998
240.399994,148.000000,71.000000,70.000000
236.600006,143.000000,70.800003,70.000000
236.800003,143.199997,70.199997,69.599998
238.199997,142.399994,69.400002,68.800003
240.000000,147.000000,68.400002,67.599998
239.000000,147.600006,68.199997,67.199997
246.399994,151.199997,67.199997,66.199997
242.600006,147.600006,66.800003,65.800003
246.199997,144.600006,65.599998,64.599998
242.000000,148.399994,65.400002,64.400002
274.399994,139.600006,65.000000,64.000000
282.200012,137.800003,64.400002,63.400002
313.799988,137.199997,64.800003,63.799999
319.399994,134.800003,63.200001,62.200001
327.799988,137.000000,62.799999,61.799999
338.345337,135.668365,52.463242,59.787682
337.000000,140.800003,62.799999,61.799999
351.200012,141.800003,61.200001,60.200001
373.200012,162.399994,61.000000,60.000000
372.200012,171.199997,61.200001,60.200001
370.294617,174.943024,61.395233,50.068249
363.049805,171.850418,59.701603,51.168331
368.921387,173.742996,62.932098,51.690823
376.768402,172.075897,60.902843,52.924850
367.799988,157.399994,61.400002,60.400002
363.028625,155.526306,60.549351,61.394680
360.884827,146.441864,64.175751,59.285671
404.681519,161.467712,60.956341,54.275833
411.600006,168.600006,63.799999,62.799999
