1
166.787720,64.555542,86.256088,64.121590
134.525024,89.359360,79.894730,61.557838
104.000000,98.400002,83.000000,64.000000
81.199997,112.599998,80.800003,62.000000
63.000000,116.000000,80.400002,61.799999
59.400002,124.000000,79.199997,60.799999
63.400002,143.199997,79.199997,60.599998
72.310547,140.045654,76.452377,64.992599
109.724068,154.377090,77.515152,61.405853
138.717697,151.268951,81.966980,60.989677
167.802567,122.010284,79.983772,66.269989
209.611008,131.133408,80.373962,67.098381
245.303375,127.387436,70.782295,60.863613
265.378479,130.088211,74.213097,62.644253
289.730133,138.332642,86.141312,66.196564
302.744385,132.616714,90.669060,68.046959
301.762970,126.108688,84.058098,66.986572
308.053619,141.215729,76.872116,72.067680
325.982880,145.535126,82.001183,76.766075
358.624268,147.714081,84.776352,68.352280
368.204712,159.259354,88.285530,70.163216
375.156891,179.524353,80.159798,62.068977
379.139923,182.352356,73.486649,57.987747
384.153503,175.073944,72.545006,57.334797
371.896149,164.577332,73.391609,63.306885
350.427551,144.375519,70.618340,67.930824
323.065979,130.395370,73.061935,59.226707
294.448944,122.110313,70.771072,56.560345
276.012543,130.763901,70.479317,57.981174
267.045349,142.866592,71.951057,53.409145
263.902618,153.096375,68.709938,48.635750
244.044327,150.904083,70.957863,53.651527
226.339752,153.996017,67.484055,56.784420
207.675507,142.395996,70.738335,54.670578
193.581635,137.225571,67.185844,57.820534
178.192902,134.244293,64.556793,64.382599
165.550079,135.898743,64.518860,57.410400
160.445648,134.170685,64.918411,60.861210
169.455368,126.554787,66.654991,57.060108
177.371170,121.584290,64.783203,53.025146
177.000000,124.000000,71.800003,54.599998
185.599152,139.449860,63.716034,44.759884
199.697464,138.361755,60.797760,46.559509
213.847656,139.313400,62.382309,48.698051
230.199997,136.600006,69.800003,53.000000
252.094101,140.264877,58.056736,49.479431
278.862366,141.601685,55.299896,53.187851
294.293182,145.005920,55.078930,51.527958
302.233795,152.250458,54.399212,45.077892
302.407257,150.195251,56.088184,43.834217
306.645142,147.245346,55.314198,43.550610
317.183441,138.667618,49.388680,43.715019
322.799988,138.399994,63.599998,47.400002
334.799988,120.599998,62.000000,46.000000
336.200012,124.599998,61.400002,45.599998
343.399994,126.800003,61.799999,46.000000
348.399994,127.800003,60.799999,45.400002
349.399994,125.400002,58.799999,43.799999
348.000000,124.400002,57.799999,43.200001
345.600006,127.000000,58.000000,43.200001
348.399994,121.599998,56.599998,42.200001
351.200012,121.800003,56.200001,42.200001
348.799988,126.000000,55.799999,42.000000
347.000000,125.800003,56.000000,42.000000
349.200012,125.000000,56.200001,42.400002
346.196045,126.022896,53.337051,42.880146
347.765900,125.485611,52.865887,43.485626
351.000000,129.000000,54.200001,40.799999
2
0
0
0
0
1
313.838928,163.055206,58.702171,49.090061
336.200012,165.800003,69.599998,48.599998
2
0
0
0
0
1
235.617401,174.058899,45.806690,45.747833
229.873383,169.856461,47.135506,47.135841
236.076111,167.915131,43.989243,45.837032
246.588058,163.272171,44.699505,50.641640
259.000000,158.399994,44.400002,50.799999
277.600006,156.399994,45.400002,52.200001
291.544403,167.453568,53.556816,50.522343
311.141693,171.534241,54.588291,51.267670
318.600342,171.813751,55.415222,53.611710
333.999023,169.073578,55.139732,50.229439
340.715607,160.350861,54.089695,49.025150
344.501190,159.727203,49.208008,48.984695
345.060547,161.610138,49.673004,49.481106
364.985718,168.931931,46.811150,55.552967
379.399994,164.399994,47.400002,54.400002
379.600006,179.000000,48.400002,55.599998
390.799988,175.399994,48.799999,55.799999
388.769928,189.779205,49.683205,51.145187
368.087128,183.790665,56.003120,59.923443
352.188385,186.362122,55.687393,53.517399
345.846130,186.863953,39.289024,54.060604
2
0
0
0
0
1
163.687775,197.852020,45.556118,67.380936
164.883469,202.996063,48.237103,67.632401
173.952774,203.082275,53.142052,71.342728
192.502533,205.864258,55.644016,78.131638
218.960175,210.037445,54.237652,77.936714
244.129395,213.894379,46.301327,79.460602
273.200012,213.399994,44.000000,68.000000
295.962250,215.371872,58.570190,69.271980
315.102448,210.240021,58.453629,65.849533
314.127686,210.655945,61.276661,68.533409
316.375824,204.030838,44.117287,75.077080
307.399994,204.800003,44.599998,69.000000
310.399994,216.600006,45.200001,70.000000
330.000000,204.800003,45.400002,70.400002
339.200012,185.800003,45.200001,70.199997
324.600006,176.800003,45.599998,70.800003
295.330078,182.938019,53.407257,74.169235
287.799988,188.199997,46.400002,71.599998
285.235962,193.439606,46.674530,69.877007
280.093811,192.863098,45.899639,67.475121
308.293182,192.395874,43.261269,76.562965
296.200012,200.199997,45.000000,69.199997
2
0
0
0
0
1
296.864716,185.849792,80.327347,70.318253
292.751251,185.500458,77.141258,69.793747
292.585785,182.906204,71.291077,65.834839
276.895081,173.170731,76.845245,62.363522
270.542603,168.325043,71.750008,60.747620
264.483826,165.318512,69.178192,58.810192
263.600006,153.600006,79.199997,71.599998
241.235489,150.897812,65.279015,65.423515
229.600006,146.399994,78.000000,70.599998
241.920502,151.132385,62.163803,62.227661
240.474197,146.785934,62.596897,65.968262
243.237808,151.809006,63.370319,64.428337
242.333405,153.086243,71.864243,60.507713
242.173996,155.182877,70.957672,58.633411
241.747040,155.655365,65.185860,60.346252
245.695801,153.079681,67.538208,57.367939
248.711517,147.834351,58.305130,61.911793
243.396179,146.163406,58.744251,62.812366
272.600006,135.800003,77.800003,70.199997
288.048431,135.456085,63.439709,60.583763
316.178192,139.277451,62.161770,61.945335
2
0
0
0
0
1
369.281128,176.767242,68.600105,49.327713
366.819092,171.858887,66.718163,50.355022
362.502869,171.800690,64.946083,50.712368
367.924133,173.622604,66.800735,48.541752
375.664734,175.214325,69.042885,48.140793
381.239319,175.922363,64.060898,44.203934
364.799988,170.199997,66.000000,49.400002
356.235291,139.333801,67.643562,51.202755
397.215302,153.391342,66.423904,56.502930
392.406494,196.940125,67.663788,53.628967
