1
166.674606,64.616386,86.568031,63.598621
133.270691,88.705536,79.851158,61.585819
105.540123,102.733772,79.349197,59.295090
78.199997,102.800003,81.400002,63.000000
68.900024,111.939423,69.214622,68.791870
62.546402,125.458351,72.687851,67.185989
65.626862,137.311157,69.532341,71.205734
70.100342,144.234833,80.247398,62.185379
109.803513,151.408493,78.423737,65.684654
138.925797,152.257278,81.888916,60.004616
168.413788,119.389221,80.416740,68.230309
211.000885,129.652130,78.743958,67.137802
242.122650,130.660675,73.056572,70.989395
267.102539,129.507019,73.252884,67.695267
288.591309,136.183502,86.497093,67.564796
305.431519,134.807755,87.643501,65.720573
297.706299,140.036728,90.138565,76.019775
307.677246,135.323044,78.409027,79.504463
327.716278,145.280609,81.850037,79.726669
357.254547,156.333450,87.638847,73.089195
374.580170,156.558487,81.295471,63.894840
376.312775,176.511932,80.203369,62.595875
379.801483,183.934875,72.191597,58.456036
383.369019,180.406326,73.132835,58.556576
373.994904,163.861893,71.310852,64.406250
352.894745,146.632019,70.267960,67.443100
324.494781,133.341873,71.883835,65.564262
291.700500,126.971512,69.638672,57.104698
275.311859,134.527390,70.651436,56.740170
267.421112,143.329895,72.019508,53.970242
263.636200,151.611267,68.991806,52.565784
244.280502,150.797562,71.075768,53.443382
225.765228,152.666519,68.013603,55.469334
212.083527,150.671021,67.932869,56.940323
197.565750,137.944885,63.649879,55.615139
181.326324,135.737061,60.824135,58.445629
165.444061,137.274460,63.838329,56.713039
163.775421,137.260574,61.922806,55.412384
169.495682,133.689331,64.256874,55.130447
176.457611,125.009163,66.575165,52.917648
188.046097,127.073723,58.631664,46.180256
184.593491,139.952362,64.152046,46.434799
198.437332,142.956436,62.134579,48.508007
214.561661,138.989151,61.410168,47.382324
237.274628,137.027618,59.400387,41.250835
258.776215,144.916229,56.716370,45.817661
279.395996,143.964676,56.365658,49.322002
294.235626,146.648132,54.314991,48.025597
302.574585,151.348358,55.039661,44.653008
303.041260,150.297623,57.277462,44.175030
302.724274,148.664703,55.415665,43.172348
316.567413,144.162399,50.307087,43.044853
327.799988,134.800003,63.799999,49.200001
328.799988,118.000000,63.799999,49.000000
335.799988,126.000000,62.799999,48.400002
342.799988,130.600006,62.200001,48.000000
350.600006,125.800003,61.799999,47.799999
350.799988,122.400002,61.400002,47.400002
350.799988,123.199997,60.799999,46.799999
348.000000,120.000000,60.599998,46.599998
351.000000,118.000000,61.200001,46.799999
348.000000,116.599998,61.200001,46.799999
348.399994,119.599998,60.200001,46.200001
346.399994,123.000000,58.200001,44.799999
349.799988,122.000000,58.400002,45.000000
346.399994,125.000000,57.799999,44.200001
347.200012,124.800003,56.400002,43.200001
351.200012,126.800003,56.599998,43.200001
2
0
0
0
0
1
314.288361,162.862000,57.498775,50.067276
339.399994,180.399994,69.800003,49.200001
358.600006,183.399994,69.400002,48.799999
2
0
0
0
0
1
231.657608,165.784744,41.839886,53.376560
234.523514,165.266205,43.065044,50.495522
244.789413,159.836472,43.053791,57.771824
256.852173,152.346344,50.035221,57.849598
271.799988,156.199997,43.200001,52.200001
291.570282,163.767914,47.837681,55.344242
309.725433,169.680206,50.351345,55.377766
320.360657,171.893417,48.307041,55.345062
333.269501,164.574234,50.551285,53.914532
335.627502,157.427353,54.457054,55.372982
343.948517,157.231735,48.682980,53.217690
344.807922,157.411087,47.938644,55.937691
367.651367,167.797516,42.186390,57.737652
376.000000,167.800003,45.400002,56.200001
391.600006,167.600006,46.200001,57.200001
389.600006,170.600006,47.000000,58.000000
388.783112,181.498138,46.763557,67.946091
366.945343,180.496658,53.781128,65.579071
352.415070,182.276840,49.270908,57.529961
343.597565,183.797455,40.528072,61.063080
2
0
0
0
0
1
164.567001,199.037094,43.524574,65.254974
165.708145,204.044006,46.183228,64.794655
174.078003,202.911255,53.107784,72.828918
195.051636,208.026703,52.088444,72.736038
219.803101,211.585358,54.122665,76.304497
244.515808,215.667587,45.978451,73.666016
271.600006,211.199997,44.000000,67.800003
292.065216,215.033798,59.738716,67.407631
314.011169,208.734543,59.605965,71.591011
320.794342,204.807465,57.343613,78.657967
314.706085,203.574585,48.205402,74.302292
307.799988,209.000000,43.599998,67.800003
313.200012,213.199997,43.599998,67.599998
318.200012,195.800003,43.000000,66.400002
313.600006,169.800003,44.000000,68.000000
336.399994,175.000000,44.200001,68.199997
319.799988,186.199997,43.200001,66.800003
293.600006,191.399994,42.400002,65.800003
287.200012,190.399994,42.200001,65.599998
289.000000,188.800003,42.400002,65.599998
306.062042,190.793671,48.064888,68.902458
2
0
0
0
0
1
302.591339,188.052094,75.342712,71.512444
300.121826,186.351288,76.211510,71.361885
295.940155,187.385864,73.836754,68.945358
295.105560,182.911957,65.837601,65.743271
280.638062,174.104034,69.867058,61.644978
275.110901,169.564194,66.707672,60.943226
270.424622,164.049973,62.201241,62.314079
265.399994,154.800003,72.400002,71.400002
244.861877,154.330063,61.296696,64.063293
2
0
0
0
0
1
270.361298,162.759033,47.845669,55.538460
273.229614,159.145554,47.937233,54.700336
280.200012,155.600006,47.400002,55.599998
279.799988,154.199997,47.400002,56.000000
289.600006,140.000000,47.400002,55.799999
311.799988,139.199997,47.400002,56.000000
2
0
0
0
0
1
364.042053,174.968140,72.587494,60.854317
365.681396,169.943207,75.608215,64.648933
363.231110,165.049713,75.702103,64.317352
358.265747,164.194107,75.048065,64.767189
364.320221,166.929657,75.878250,62.322628
373.120728,168.383194,76.004471,62.907875
379.147858,170.475830,69.869263,56.777565
367.034241,169.957123,65.333961,56.103195
358.200012,176.600006,68.599998,55.200001
369.030853,184.529877,73.395996,57.499313
389.487000,193.948334,75.631271,58.408989
