1
733.000000,229.000000,194.000000,113.000000
734.000000,230.000000,199.000000,112.000000
736.000000,230.000000,200.000000,112.000000
734.000000,231.000000,205.000000,111.000000
738.000000,231.000000,203.000000,111.000000
734.000000,231.000000,209.000000,113.000000
732.000000,230.000000,213.000000,115.000000
734.000000,230.000000,213.000000,116.000000
737.000000,230.000000,210.000000,116.000000
734.000000,227.000000,217.000000,120.000000
737.000000,227.000000,215.000000,120.000000
735.000000,228.000000,215.000000,114.000000
734.000000,224.000000,220.000000,121.000000
741.000000,223.000000,217.000000,125.000000
743.000000,225.000000,213.000000,123.000000
742.000000,225.000000,217.000000,122.000000
738.000000,221.000000,223.000000,123.000000
744.000000,220.000000,216.000000,124.000000
743.000000,220.000000,222.000000,124.000000
741.000000,219.000000,222.000000,125.000000
746.000000,215.000000,220.000000,129.000000
751.000000,214.000000,219.000000,128.000000
751.000000,214.000000,216.000000,128.000000
764.000000,212.000000,202.000000,126.000000
759.000000,212.000000,209.000000,126.000000
759.000000,210.000000,213.000000,133.000000
771.000000,208.000000,198.000000,126.000000
773.000000,208.000000,198.000000,126.000000
788.000000,204.000000,180.000000,129.000000
783.000000,205.000000,193.000000,132.000000
782.000000,205.000000,197.000000,137.000000
798.000000,204.000000,180.000000,125.000000
798.000000,204.000000,184.000000,136.000000
791.000000,203.000000,197.000000,140.000000
801.000000,202.000000,185.000000,135.000000
799.000000,203.000000,191.000000,131.000000
801.000000,202.000000,194.000000,134.000000
799.000000,203.000000,197.000000,132.000000
798.000000,204.000000,197.000000,129.000000
803.000000,203.000000,191.000000,126.000000
816.000000,199.000000,190.000000,127.000000
816.000000,202.000000,181.000000,128.000000
812.000000,201.000000,185.000000,127.000000
826.000000,200.000000,183.000000,125.000000
826.000000,200.000000,185.000000,128.000000
824.000000,202.000000,190.000000,127.000000
842.000000,205.000000,172.000000,103.000000
837.000000,205.000000,170.000000,122.000000
840.000000,204.000000,168.000000,122.000000
837.000000,204.000000,174.000000,124.000000
842.000000,202.000000,169.000000,119.000000
842.000000,207.000000,166.000000,114.000000
852.000000,202.000000,158.000000,111.000000
849.000000,194.000000,162.000000,115.000000
848.000000,202.000000,160.000000,114.000000
852.000000,201.000000,155.000000,108.000000
857.000000,197.000000,148.000000,108.000000
857.000000,194.000000,146.000000,106.000000
865.000000,204.000000,151.000000,91.000000
861.000000,189.000000,159.000000,115.000000
862.000000,195.000000,156.000000,113.000000
860.000000,196.000000,159.000000,117.000000
859.000000,195.000000,159.000000,116.000000
860.000000,195.000000,159.000000,117.000000
861.000000,203.000000,154.000000,109.000000
859.000000,200.000000,150.000000,111.000000
865.000000,197.000000,155.000000,113.000000
859.000000,200.000000,153.000000,112.000000
858.000000,206.000000,147.000000,106.000000
864.000000,201.000000,155.000000,111.000000
870.000000,201.000000,147.000000,107.000000
865.000000,209.000000,143.000000,106.000000
869.000000,204.000000,139.000000,100.000000
868.000000,200.000000,138.000000,104.000000
861.000000,199.000000,148.000000,107.000000
872.000000,196.000000,139.000000,103.000000
860.000000,204.000000,144.000000,107.000000
863.000000,201.000000,148.000000,108.000000
858.000000,202.000000,146.000000,107.000000
862.000000,202.000000,143.000000,107.000000
865.000000,204.000000,137.000000,104.000000
860.000000,199.000000,151.000000,104.000000
866.000000,199.000000,138.000000,102.000000
864.000000,194.000000,141.000000,105.000000
863.000000,198.000000,140.000000,105.000000
865.000000,198.000000,135.000000,104.000000
865.000000,190.000000,141.000000,96.000000
871.000000,188.000000,141.000000,99.000000
871.000000,190.000000,134.000000,91.000000
872.000000,189.000000,138.000000,92.000000
863.000000,196.000000,138.000000,99.000000
865.000000,196.000000,136.000000,99.000000
872.000000,196.000000,128.000000,93.000000
872.000000,195.000000,127.000000,93.000000
869.000000,195.000000,133.000000,94.000000
870.000000,194.000000,133.000000,97.000000
865.000000,197.000000,136.000000,98.000000
869.000000,194.000000,135.000000,97.000000
871.000000,196.000000,134.000000,94.000000
867.000000,197.000000,131.000000,95.000000
865.000000,197.000000,133.000000,98.000000
865.000000,197.000000,138.000000,97.000000
867.000000,196.000000,134.000000,97.000000
873.000000,196.000000,126.000000,88.000000
874.000000,194.000000,140.000000,92.000000
869.000000,198.000000,132.000000,92.000000
871.000000,198.000000,127.000000,90.000000
873.000000,197.000000,128.000000,91.000000
875.000000,197.000000,133.000000,93.000000
866.000000,196.000000,134.000000,99.000000
866.000000,198.000000,137.000000,101.000000
867.000000,197.000000,138.000000,97.000000
871.000000,196.000000,133.000000,94.000000
870.000000,198.000000,135.000000,96.000000
873.000000,198.000000,137.000000,95.000000
874.000000,198.000000,133.000000,95.000000
867.000000,209.000000,134.000000,96.000000
866.000000,204.000000,136.000000,95.000000
870.000000,205.000000,135.000000,92.000000
870.000000,203.000000,131.000000,92.000000
871.000000,205.000000,132.000000,93.000000
867.000000,205.000000,136.000000,94.000000
868.000000,198.000000,137.000000,94.000000
865.000000,206.000000,133.000000,91.000000
868.000000,201.000000,133.000000,91.000000
868.000000,202.000000,130.000000,86.000000
867.000000,203.000000,129.000000,91.000000
872.000000,195.000000,127.000000,90.000000
874.000000,197.000000,124.000000,88.000000
869.000000,202.000000,125.000000,87.000000
874.000000,198.000000,126.000000,88.000000
867.000000,199.000000,136.000000,96.000000
867.000000,203.000000,129.000000,90.000000
866.000000,199.000000,138.000000,96.000000
867.000000,198.000000,135.000000,93.000000
870.000000,197.000000,134.000000,91.000000
869.000000,200.000000,129.000000,86.000000
868.000000,200.000000,127.000000,86.000000
873.000000,199.000000,122.000000,84.000000
871.000000,199.000000,131.000000,91.000000
873.000000,198.000000,132.000000,88.000000
863.000000,197.000000,138.000000,90.000000
867.000000,200.000000,130.000000,85.000000
866.000000,198.000000,139.000000,94.000000
863.000000,200.000000,135.000000,93.000000
866.000000,196.000000,139.000000,93.000000
869.000000,195.000000,133.000000,92.000000
868.000000,195.000000,133.000000,93.000000
867.000000,194.000000,136.000000,95.000000
866.000000,192.000000,136.000000,97.000000
868.000000,196.000000,135.000000,97.000000
866.000000,196.000000,139.000000,100.000000
867.000000,193.000000,137.000000,97.000000
869.000000,190.000000,135.000000,97.000000
874.000000,192.000000,125.000000,90.000000
869.000000,194.000000,130.000000,93.000000
871.000000,195.000000,130.000000,93.000000
877.000000,193.000000,122.000000,87.000000
878.000000,192.000000,121.000000,88.000000
876.000000,196.000000,126.000000,91.000000
878.000000,196.000000,116.000000,84.000000
879.000000,195.000000,121.000000,87.000000
880.000000,193.000000,118.000000,86.000000
878.000000,193.000000,122.000000,88.000000
881.000000,193.000000,120.000000,86.000000
885.000000,191.000000,116.000000,84.000000
882.000000,192.000000,117.000000,85.000000
878.000000,194.000000,123.000000,89.000000
879.000000,192.000000,122.000000,85.000000
874.000000,192.000000,127.000000,86.000000
870.000000,192.000000,129.000000,89.000000
868.000000,191.000000,132.000000,88.000000
865.000000,198.000000,127.000000,90.000000
868.000000,197.000000,126.000000,89.000000
873.000000,197.000000,123.000000,87.000000
871.000000,193.000000,131.000000,91.000000
867.000000,194.000000,132.000000,91.000000
865.000000,197.000000,137.000000,96.000000
867.000000,192.000000,137.000000,94.000000
867.000000,194.000000,135.000000,96.000000
866.000000,197.000000,131.000000,94.000000
865.000000,196.000000,132.000000,96.000000
865.000000,196.000000,132.000000,94.000000
865.000000,195.000000,135.000000,97.000000
865.000000,197.000000,133.000000,92.000000
865.000000,197.000000,135.000000,95.000000
861.000000,199.000000,136.000000,95.000000
866.000000,200.000000,132.000000,93.000000
866.000000,199.000000,133.000000,92.000000
859.000000,201.000000,137.000000,96.000000
864.000000,200.000000,133.000000,92.000000
860.000000,200.000000,134.000000,93.000000
847.000000,206.000000,141.000000,96.000000
857.000000,206.000000,139.000000,100.000000
855.000000,205.000000,141.000000,99.000000
858.000000,203.000000,141.000000,99.000000
861.000000,205.000000,142.000000,105.000000
853.000000,209.000000,144.000000,108.000000
851.000000,206.000000,149.000000,108.000000
846.000000,210.000000,152.000000,112.000000
847.000000,207.000000,153.000000,110.000000
848.000000,209.000000,143.000000,105.000000
820.000000,212.000000,160.000000,114.000000
817.000000,208.000000,159.000000,110.000000
815.000000,213.000000,160.000000,110.000000
814.000000,209.000000,167.000000,115.000000
846.000000,206.000000,152.000000,104.000000
782.000000,209.000000,186.000000,106.000000
765.000000,207.000000,192.000000,111.000000
768.000000,210.000000,194.000000,112.000000
738.000000,210.000000,214.000000,119.000000
739.000000,210.000000,208.000000,115.000000
750.000000,208.000000,206.000000,120.000000
737.000000,210.000000,215.000000,119.000000
753.000000,208.000000,206.000000,122.000000
752.000000,208.000000,211.000000,125.000000
734.000000,211.000000,218.000000,122.000000
731.000000,211.000000,221.000000,125.000000
739.000000,209.000000,213.000000,120.000000
737.000000,210.000000,213.000000,123.000000
741.000000,211.000000,212.000000,122.000000
717.000000,217.000000,220.000000,119.000000
719.000000,218.000000,212.000000,116.000000
724.000000,218.000000,225.000000,120.000000
719.000000,219.000000,221.000000,115.000000
726.000000,218.000000,223.000000,116.000000
718.000000,219.000000,222.000000,115.000000
719.000000,219.000000,219.000000,112.000000
718.000000,220.000000,219.000000,110.000000
719.000000,221.000000,209.000000,110.000000
714.000000,215.000000,225.000000,113.000000
714.000000,213.000000,223.000000,112.000000
748.000000,223.000000,204.000000,110.000000
718.000000,219.000000,219.000000,108.000000
718.000000,219.000000,218.000000,109.000000
716.000000,220.000000,216.000000,103.000000
709.000000,221.000000,207.000000,109.000000
706.000000,211.000000,194.000000,118.000000
708.000000,220.000000,198.000000,106.000000
711.000000,216.000000,186.000000,107.000000
707.000000,212.000000,189.000000,109.000000
709.000000,220.000000,165.000000,99.000000
718.000000,225.000000,170.000000,97.000000
708.000000,228.000000,178.000000,108.000000
709.000000,227.000000,159.000000,92.000000
707.000000,221.000000,149.000000,94.000000
2
0
0
0
0
1
414.000000,200.000000,221.000000,111.000000
407.000000,198.000000,226.000000,114.000000
404.000000,198.000000,227.000000,111.000000
397.000000,195.000000,232.000000,114.000000
392.000000,195.000000,234.000000,112.000000
391.000000,193.000000,234.000000,116.000000
393.000000,192.000000,227.000000,116.000000
389.000000,192.000000,234.000000,118.000000
387.000000,192.000000,237.000000,119.000000
395.000000,193.000000,232.000000,117.000000
383.000000,192.000000,247.000000,120.000000
389.000000,193.000000,240.000000,118.000000
393.000000,195.000000,236.000000,115.000000
379.000000,195.000000,255.000000,116.000000
376.000000,196.000000,257.000000,116.000000
374.000000,198.000000,262.000000,113.000000
380.000000,199.000000,260.000000,110.000000
381.000000,199.000000,259.000000,114.000000
381.000000,199.000000,260.000000,111.000000
358.000000,200.000000,271.000000,112.000000
357.000000,202.000000,252.000000,110.000000
353.000000,201.000000,262.000000,113.000000
351.000000,201.000000,264.000000,110.000000
351.000000,203.000000,247.000000,110.000000
344.000000,201.000000,265.000000,113.000000
346.000000,199.000000,270.000000,112.000000
348.000000,199.000000,243.000000,112.000000
343.000000,198.000000,261.000000,115.000000
345.000000,197.000000,259.000000,113.000000
345.000000,197.000000,262.000000,115.000000
349.000000,197.000000,257.000000,115.000000
356.000000,196.000000,231.000000,113.000000
356.000000,200.000000,232.000000,115.000000
354.000000,198.000000,230.000000,113.000000
351.000000,200.000000,238.000000,116.000000
353.000000,201.000000,228.000000,117.000000
352.000000,200.000000,233.000000,116.000000
352.000000,203.000000,226.000000,118.000000
356.000000,202.000000,228.000000,115.000000
356.000000,202.000000,225.000000,118.000000
357.000000,204.000000,228.000000,116.000000
354.000000,203.000000,232.000000,116.000000
356.000000,204.000000,234.000000,118.000000
354.000000,205.000000,232.000000,119.000000
358.000000,213.000000,199.000000,110.000000
360.000000,212.000000,201.000000,114.000000
359.000000,213.000000,194.000000,110.000000
355.000000,215.000000,213.000000,118.000000
363.000000,217.000000,182.000000,110.000000
354.000000,220.000000,194.000000,118.000000
353.000000,216.000000,200.000000,117.000000
344.000000,216.000000,220.000000,117.000000
348.000000,220.000000,200.000000,110.000000
353.000000,219.000000,183.000000,107.000000
345.000000,218.000000,207.000000,112.000000
348.000000,218.000000,202.000000,111.000000
350.000000,219.000000,190.000000,108.000000
349.000000,224.000000,188.000000,107.000000
345.000000,223.000000,194.000000,106.000000
341.000000,221.000000,213.000000,114.000000
342.000000,222.000000,205.000000,110.000000
338.000000,221.000000,214.000000,110.000000
343.000000,218.000000,207.000000,110.000000
340.000000,219.000000,201.000000,107.000000
340.000000,218.000000,202.000000,112.000000
338.000000,216.000000,206.000000,113.000000
341.000000,223.000000,189.000000,106.000000
338.000000,223.000000,190.000000,108.000000
335.000000,223.000000,197.000000,112.000000
337.000000,218.000000,193.000000,114.000000
335.000000,213.000000,218.000000,121.000000
338.000000,212.000000,221.000000,113.000000
333.000000,216.000000,214.000000,114.000000
334.000000,220.000000,209.000000,113.000000
334.000000,213.000000,222.000000,115.000000
332.000000,220.000000,200.000000,108.000000
332.000000,218.000000,204.000000,110.000000
335.000000,224.000000,205.000000,104.000000
330.000000,221.000000,194.000000,105.000000
331.000000,217.000000,217.000000,107.000000
325.000000,217.000000,202.000000,108.000000
325.000000,217.000000,207.000000,107.000000
322.000000,215.000000,204.000000,109.000000
322.000000,215.000000,208.000000,110.000000
322.000000,214.000000,209.000000,110.000000
319.000000,214.000000,204.000000,107.000000
320.000000,220.000000,208.000000,105.000000
326.000000,217.000000,217.000000,105.000000
323.000000,212.000000,215.000000,107.000000
313.000000,216.000000,215.000000,105.000000
308.000000,218.000000,213.000000,104.000000
312.000000,217.000000,215.000000,104.000000
310.000000,216.000000,216.000000,103.000000
302.000000,217.000000,208.000000,102.000000
309.000000,215.000000,207.000000,102.000000
296.000000,214.000000,206.000000,103.000000
290.000000,216.000000,205.000000,101.000000
291.000000,215.000000,211.000000,103.000000
282.000000,217.000000,215.000000,102.000000
289.000000,213.000000,223.000000,105.000000
291.000000,214.000000,215.000000,103.000000
305.000000,209.000000,225.000000,106.000000
286.000000,210.000000,219.000000,107.000000
283.000000,209.000000,219.000000,107.000000
280.000000,207.000000,226.000000,110.000000
288.000000,207.000000,221.000000,104.000000
288.000000,210.000000,218.000000,104.000000
284.000000,209.000000,208.000000,106.000000
281.000000,209.000000,209.000000,107.000000
273.000000,210.000000,211.000000,108.000000
275.000000,210.000000,216.000000,107.000000
270.000000,207.000000,233.000000,113.000000
273.000000,215.000000,227.000000,106.000000
262.000000,216.000000,221.000000,105.000000
258.000000,212.000000,229.000000,108.000000
238.000000,227.000000,214.000000,102.000000
240.000000,229.000000,205.000000,103.000000
240.000000,226.000000,201.000000,102.000000
239.000000,230.000000,197.000000,103.000000
246.000000,216.000000,214.000000,108.000000
243.000000,222.000000,200.000000,104.000000
243.000000,221.000000,207.000000,106.000000
246.000000,216.000000,206.000000,106.000000
239.000000,224.000000,195.000000,103.000000
237.000000,221.000000,197.000000,102.000000
236.000000,214.000000,207.000000,106.000000
216.000000,220.000000,196.000000,106.000000
235.000000,211.000000,208.000000,108.000000
229.000000,218.000000,201.000000,106.000000
235.000000,218.000000,199.000000,104.000000
221.000000,215.000000,191.000000,102.000000
222.000000,215.000000,201.000000,106.000000
217.000000,216.000000,198.000000,105.000000
233.000000,213.000000,205.000000,104.000000
219.000000,213.000000,191.000000,101.000000
217.000000,215.000000,193.000000,104.000000
225.000000,214.000000,194.000000,106.000000
212.000000,215.000000,187.000000,104.000000
215.000000,214.000000,193.000000,107.000000
222.000000,215.000000,198.000000,108.000000
216.000000,219.000000,193.000000,107.000000
220.000000,219.000000,189.000000,106.000000
219.000000,218.000000,194.000000,108.000000
218.000000,222.000000,191.000000,106.000000
214.000000,221.000000,189.000000,108.000000
204.000000,220.000000,189.000000,107.000000
212.000000,221.000000,184.000000,109.000000
211.000000,225.000000,179.000000,106.000000
120.000000,250.000000,186.000000,98.000000
198.000000,214.000000,203.000000,113.000000
206.000000,220.000000,196.000000,110.000000
199.000000,223.000000,200.000000,113.000000
196.000000,222.000000,193.000000,108.000000
204.000000,223.000000,190.000000,108.000000
191.000000,222.000000,203.000000,112.000000
196.000000,223.000000,194.000000,111.000000
175.000000,218.000000,209.000000,112.000000
158.000000,221.000000,221.000000,115.000000
198.000000,219.000000,190.000000,107.000000
165.000000,224.000000,207.000000,110.000000
199.000000,222.000000,194.000000,110.000000
191.000000,223.000000,201.000000,112.000000
199.000000,221.000000,193.000000,107.000000
191.000000,220.000000,197.000000,108.000000
155.000000,220.000000,219.000000,112.000000
189.000000,221.000000,201.000000,112.000000
194.000000,221.000000,195.000000,110.000000
163.000000,215.000000,216.000000,113.000000
161.000000,214.000000,218.000000,113.000000
185.000000,214.000000,209.000000,113.000000
174.000000,215.000000,207.000000,111.000000
161.000000,215.000000,219.000000,116.000000
173.000000,216.000000,211.000000,112.000000
161.000000,218.000000,213.000000,113.000000
158.000000,218.000000,221.000000,116.000000
175.000000,213.000000,210.000000,115.000000
161.000000,214.000000,220.000000,117.000000
157.000000,217.000000,213.000000,116.000000
177.000000,216.000000,210.000000,118.000000
180.000000,210.000000,216.000000,119.000000
176.000000,214.000000,214.000000,120.000000
168.000000,207.000000,226.000000,122.000000
181.000000,210.000000,223.000000,124.000000
144.000000,211.000000,236.000000,123.000000
162.000000,212.000000,224.000000,120.000000
177.000000,214.000000,212.000000,117.000000
187.000000,220.000000,211.000000,120.000000
151.000000,212.000000,234.000000,124.000000
160.000000,214.000000,230.000000,123.000000
153.000000,219.000000,218.000000,118.000000
119.000000,222.000000,234.000000,117.000000
158.000000,223.000000,215.000000,119.000000
83.000000,229.000000,240.000000,111.000000
82.000000,235.000000,240.000000,110.000000
79.000000,228.000000,243.000000,111.000000
66.000000,232.000000,255.000000,113.000000
64.000000,230.000000,250.000000,115.000000
66.000000,228.000000,247.000000,115.000000
61.000000,230.000000,251.000000,118.000000
74.000000,228.000000,247.000000,118.000000
85.000000,235.000000,230.000000,115.000000
78.000000,231.000000,245.000000,121.000000
56.000000,227.000000,249.000000,123.000000
64.000000,231.000000,244.000000,122.000000
63.000000,231.000000,241.000000,123.000000
79.000000,222.000000,237.000000,122.000000
79.000000,228.000000,240.000000,124.000000
87.000000,230.000000,233.000000,122.000000
80.000000,232.000000,226.000000,124.000000
65.000000,232.000000,241.000000,128.000000
74.000000,226.000000,241.000000,130.000000
83.000000,227.000000,235.000000,126.000000
67.000000,233.000000,236.000000,126.000000
80.000000,231.000000,237.000000,126.000000
59.000000,229.000000,247.000000,132.000000
70.000000,228.000000,249.000000,130.000000
50.000000,230.000000,246.000000,126.000000
41.000000,226.000000,254.000000,130.000000
57.000000,228.000000,247.000000,129.000000
27.000000,225.000000,260.000000,132.000000
45.000000,227.000000,252.000000,130.000000
21.000000,228.000000,261.000000,127.000000
4.000000,224.000000,273.000000,130.000000
9.000000,226.000000,272.000000,130.000000
3.000000,227.000000,269.000000,127.000000
14.000000,222.000000,268.000000,129.000000
22.000000,227.000000,252.000000,123.000000
3.000000,221.000000,266.000000,125.000000
14.000000,226.000000,253.000000,120.000000
24.000000,222.000000,254.000000,125.000000
18.000000,226.000000,252.000000,121.000000
24.000000,223.000000,246.000000,117.000000
13.000000,227.000000,252.000000,117.000000
27.000000,225.000000,238.000000,117.000000
-3.000000,224.000000,261.000000,126.000000
10.000000,223.000000,257.000000,122.000000
7.000000,223.000000,251.000000,119.000000
13.000000,224.000000,251.000000,121.000000
2.000000,218.000000,251.000000,121.000000
3.000000,216.000000,251.000000,123.000000
5.000000,218.000000,250.000000,122.000000
19.000000,226.000000,235.000000,117.000000
13.000000,220.000000,243.000000,120.000000
10.000000,220.000000,240.000000,118.000000
9.000000,218.000000,242.000000,120.000000
14.000000,225.000000,241.000000,120.000000
4.000000,222.000000,255.000000,124.000000
-14.000000,221.000000,255.000000,123.000000
-12.000000,225.000000,252.000000,124.000000
-3.000000,220.000000,245.000000,121.000000
-3.000000,222.000000,257.000000,127.000000
5.000000,223.000000,248.000000,124.000000
-1.000000,220.000000,256.000000,127.000000
3.000000,221.000000,255.000000,125.000000
-2.000000,220.000000,253.000000,124.000000
8.000000,218.000000,259.000000,124.000000
7.000000,216.000000,247.000000,121.000000
11.000000,218.000000,253.000000,123.000000
-12.000000,219.000000,254.000000,123.000000
8.000000,219.000000,252.000000,124.000000
7.000000,220.000000,245.000000,121.000000
2.000000,222.000000,248.000000,122.000000
6.000000,221.000000,249.000000,124.000000
11.000000,220.000000,248.000000,123.000000
3.000000,222.000000,241.000000,120.000000
3.000000,218.000000,244.000000,122.000000
19.000000,224.000000,228.000000,118.000000
-5.000000,219.000000,246.000000,126.000000
7.000000,220.000000,245.000000,126.000000
-4.000000,221.000000,243.000000,121.000000
10.000000,223.000000,243.000000,124.000000
9.000000,220.000000,241.000000,123.000000
-2.000000,217.000000,243.000000,123.000000
5.000000,224.000000,231.000000,117.000000
5.000000,219.000000,240.000000,123.000000
-2.000000,218.000000,240.000000,122.000000
1.000000,218.000000,241.000000,122.000000
8.000000,222.000000,247.000000,128.000000
-4.000000,227.000000,228.000000,120.000000
4.000000,216.000000,248.000000,127.000000
5.000000,224.000000,239.000000,124.000000
-12.000000,214.000000,247.000000,127.000000
2.000000,217.000000,242.000000,126.000000
6.000000,218.000000,245.000000,127.000000
1.000000,219.000000,235.000000,121.000000
7.000000,224.000000,232.000000,119.000000
11.000000,221.000000,232.000000,123.000000
17.000000,223.000000,228.000000,121.000000
6.000000,226.000000,235.000000,125.000000
13.000000,227.000000,229.000000,119.000000
0.000000,225.000000,230.000000,123.000000
4.000000,214.000000,244.000000,131.000000
0.000000,217.000000,233.000000,127.000000
2.000000,218.000000,240.000000,128.000000
6.000000,222.000000,227.000000,123.000000
11.000000,221.000000,231.000000,124.000000
6.000000,209.000000,244.000000,133.000000
5.000000,210.000000,237.000000,130.000000
3.000000,218.000000,233.000000,128.000000
12.000000,214.000000,236.000000,129.000000
13.000000,218.000000,234.000000,127.000000
5.000000,215.000000,239.000000,132.000000
15.000000,220.000000,229.000000,126.000000
18.000000,219.000000,230.000000,128.000000
9.000000,217.000000,236.000000,129.000000
7.000000,216.000000,239.000000,131.000000
-8.000000,219.000000,230.000000,126.000000
19.000000,230.000000,224.000000,120.000000
-0.000000,223.000000,221.000000,122.000000
13.000000,235.000000,204.000000,117.000000
9.000000,230.000000,222.000000,123.000000
3.000000,227.000000,214.000000,121.000000
18.000000,240.000000,215.000000,121.000000
25.000000,240.000000,206.000000,115.000000
15.000000,230.000000,210.000000,118.000000
20.000000,226.000000,206.000000,117.000000
19.000000,234.000000,206.000000,116.000000
31.000000,236.000000,209.000000,116.000000
23.000000,235.000000,211.000000,115.000000
20.000000,240.000000,210.000000,117.000000
13.000000,245.000000,196.000000,111.000000
15.000000,240.000000,200.000000,113.000000
22.000000,238.000000,207.000000,116.000000
33.000000,241.000000,199.000000,115.000000
-2.000000,236.000000,208.000000,119.000000
8.000000,237.000000,211.000000,120.000000
27.000000,232.000000,197.000000,113.000000
32.000000,243.000000,189.000000,111.000000
7.000000,238.000000,200.000000,114.000000
20.000000,240.000000,203.000000,115.000000
39.000000,234.000000,206.000000,116.000000
46.000000,234.000000,206.000000,116.000000
46.000000,236.000000,203.000000,115.000000
53.000000,232.000000,209.000000,116.000000
36.000000,228.000000,212.000000,113.000000
37.000000,225.000000,215.000000,116.000000
28.000000,224.000000,219.000000,118.000000
39.000000,232.000000,209.000000,113.000000
30.000000,226.000000,211.000000,112.000000
31.000000,225.000000,220.000000,121.000000
28.000000,223.000000,229.000000,124.000000
29.000000,224.000000,216.000000,117.000000
20.000000,232.000000,221.000000,118.000000
26.000000,229.000000,220.000000,115.000000
21.000000,229.000000,215.000000,114.000000
20.000000,231.000000,215.000000,113.000000
11.000000,225.000000,220.000000,115.000000
44.000000,228.000000,217.000000,111.000000
40.000000,230.000000,228.000000,115.000000
57.000000,226.000000,226.000000,117.000000
46.000000,235.000000,219.000000,110.000000
48.000000,235.000000,221.000000,112.000000
54.000000,230.000000,225.000000,113.000000
58.000000,230.000000,228.000000,116.000000
62.000000,230.000000,225.000000,114.000000
62.000000,230.000000,227.000000,116.000000
60.000000,228.000000,231.000000,119.000000
58.000000,228.000000,228.000000,117.000000
46.000000,231.000000,227.000000,113.000000
43.000000,229.000000,227.000000,115.000000
65.000000,226.000000,230.000000,121.000000
56.000000,227.000000,228.000000,118.000000
46.000000,231.000000,225.000000,114.000000
52.000000,235.000000,228.000000,117.000000
63.000000,235.000000,225.000000,115.000000
65.000000,226.000000,231.000000,122.000000
59.000000,228.000000,226.000000,118.000000
49.000000,232.000000,225.000000,114.000000
64.000000,230.000000,227.000000,118.000000
61.000000,230.000000,229.000000,118.000000
63.000000,231.000000,223.000000,116.000000
39.000000,237.000000,217.000000,110.000000
53.000000,234.000000,211.000000,109.000000
72.000000,229.000000,233.000000,122.000000
70.000000,227.000000,227.000000,120.000000
77.000000,234.000000,224.000000,118.000000
51.000000,235.000000,215.000000,112.000000
74.000000,229.000000,226.000000,120.000000
77.000000,230.000000,224.000000,119.000000
86.000000,235.000000,222.000000,116.000000
87.000000,232.000000,231.000000,122.000000
76.000000,230.000000,234.000000,121.000000
95.000000,232.000000,236.000000,119.000000
92.000000,233.000000,238.000000,120.000000
86.000000,229.000000,245.000000,123.000000
39.000000,216.000000,231.000000,124.000000
78.000000,232.000000,235.000000,119.000000
97.000000,236.000000,238.000000,124.000000
94.000000,229.000000,237.000000,124.000000
93.000000,226.000000,235.000000,125.000000
83.000000,237.000000,232.000000,121.000000
41.000000,223.000000,240.000000,122.000000
91.000000,245.000000,226.000000,118.000000
98.000000,242.000000,230.000000,118.000000
93.000000,233.000000,234.000000,123.000000
101.000000,238.000000,228.000000,118.000000
39.000000,226.000000,241.000000,120.000000
87.000000,238.000000,234.000000,116.000000
39.000000,228.000000,239.000000,116.000000
36.000000,231.000000,239.000000,114.000000
56.000000,238.000000,227.000000,108.000000
51.000000,236.000000,233.000000,111.000000
58.000000,238.000000,229.000000,110.000000
62.000000,238.000000,227.000000,110.000000
84.000000,240.000000,228.000000,109.000000
64.000000,239.000000,221.000000,108.000000
30.000000,240.000000,230.000000,109.000000
105.000000,240.000000,223.000000,114.000000
52.000000,241.000000,234.000000,111.000000
94.000000,244.000000,222.000000,108.000000
61.000000,242.000000,229.000000,109.000000
59.000000,236.000000,227.000000,110.000000
70.000000,236.000000,217.000000,106.000000
65.000000,234.000000,225.000000,110.000000
73.000000,234.000000,234.000000,114.000000
81.000000,235.000000,229.000000,112.000000
64.000000,232.000000,230.000000,111.000000
101.000000,236.000000,230.000000,115.000000
100.000000,233.000000,234.000000,115.000000
75.000000,227.000000,236.000000,113.000000
84.000000,229.000000,241.000000,116.000000
82.000000,229.000000,241.000000,114.000000
67.000000,225.000000,245.000000,116.000000
75.000000,220.000000,242.000000,118.000000
73.000000,225.000000,245.000000,118.000000
84.000000,224.000000,240.000000,115.000000
66.000000,223.000000,246.000000,117.000000
98.000000,225.000000,240.000000,119.000000
80.000000,220.000000,249.000000,118.000000
90.000000,216.000000,253.000000,124.000000
73.000000,219.000000,258.000000,120.000000
98.000000,226.000000,248.000000,122.000000
80.000000,216.000000,255.000000,121.000000
75.000000,222.000000,260.000000,124.000000
73.000000,223.000000,266.000000,125.000000
60.000000,211.000000,262.000000,129.000000
55.000000,216.000000,264.000000,130.000000
78.000000,218.000000,262.000000,132.000000
85.000000,217.000000,257.000000,131.000000
83.000000,220.000000,255.000000,129.000000
88.000000,216.000000,252.000000,125.000000
89.000000,215.000000,248.000000,126.000000
103.000000,215.000000,244.000000,124.000000
97.000000,207.000000,247.000000,126.000000
96.000000,210.000000,232.000000,120.000000
108.000000,206.000000,247.000000,126.000000
114.000000,205.000000,240.000000,123.000000
121.000000,211.000000,227.000000,118.000000
127.000000,210.000000,229.000000,120.000000
127.000000,212.000000,219.000000,118.000000
129.000000,209.000000,232.000000,123.000000
137.000000,214.000000,218.000000,119.000000
133.000000,211.000000,225.000000,118.000000
139.000000,214.000000,220.000000,116.000000
143.000000,218.000000,226.000000,117.000000
149.000000,214.000000,228.000000,118.000000
134.000000,212.000000,225.000000,118.000000
157.000000,212.000000,227.000000,118.000000
145.000000,210.000000,227.000000,120.000000
146.000000,211.000000,228.000000,118.000000
163.000000,211.000000,232.000000,120.000000
153.000000,214.000000,235.000000,119.000000
156.000000,211.000000,226.000000,115.000000
165.000000,214.000000,226.000000,117.000000
165.000000,212.000000,225.000000,115.000000
164.000000,214.000000,224.000000,114.000000
175.000000,215.000000,237.000000,116.000000
178.000000,215.000000,237.000000,117.000000
195.000000,218.000000,243.000000,119.000000
201.000000,214.000000,246.000000,117.000000
205.000000,215.000000,238.000000,115.000000
198.000000,213.000000,246.000000,117.000000
200.000000,216.000000,244.000000,116.000000
203.000000,212.000000,242.000000,115.000000
200.000000,212.000000,256.000000,120.000000
198.000000,216.000000,249.000000,114.000000
199.000000,217.000000,244.000000,113.000000
219.000000,218.000000,244.000000,113.000000
202.000000,215.000000,244.000000,113.000000
202.000000,215.000000,252.000000,116.000000
202.000000,215.000000,242.000000,112.000000
200.000000,217.000000,249.000000,116.000000
203.000000,217.000000,245.000000,114.000000
207.000000,215.000000,260.000000,115.000000
205.000000,216.000000,256.000000,116.000000
203.000000,214.000000,256.000000,116.000000
203.000000,212.000000,264.000000,119.000000
207.000000,215.000000,267.000000,119.000000
205.000000,216.000000,259.000000,117.000000
209.000000,209.000000,261.000000,120.000000
211.000000,214.000000,259.000000,117.000000
214.000000,219.000000,257.000000,115.000000
217.000000,217.000000,253.000000,113.000000
212.000000,214.000000,257.000000,116.000000
212.000000,209.000000,259.000000,119.000000
211.000000,216.000000,246.000000,113.000000
212.000000,217.000000,261.000000,118.000000
218.000000,221.000000,249.000000,117.000000
211.000000,216.000000,254.000000,117.000000
213.000000,216.000000,259.000000,116.000000
216.000000,217.000000,255.000000,119.000000
211.000000,211.000000,255.000000,116.000000
212.000000,214.000000,255.000000,114.000000
213.000000,211.000000,247.000000,115.000000
210.000000,214.000000,250.000000,115.000000
211.000000,210.000000,252.000000,117.000000
210.000000,215.000000,249.000000,116.000000
209.000000,213.000000,247.000000,117.000000
213.000000,217.000000,248.000000,119.000000
211.000000,215.000000,247.000000,116.000000
216.000000,215.000000,244.000000,114.000000
217.000000,211.000000,243.000000,116.000000
216.000000,215.000000,237.000000,113.000000
215.000000,210.000000,249.000000,116.000000
217.000000,216.000000,243.000000,115.000000
213.000000,214.000000,245.000000,115.000000
210.000000,213.000000,247.000000,117.000000
217.000000,213.000000,247.000000,116.000000
234.000000,211.000000,240.000000,117.000000
234.000000,214.000000,243.000000,116.000000
216.000000,214.000000,243.000000,116.000000
220.000000,210.000000,253.000000,120.000000
230.000000,212.000000,254.000000,123.000000
216.000000,215.000000,243.000000,119.000000
210.000000,213.000000,245.000000,119.000000
210.000000,210.000000,255.000000,121.000000
209.000000,211.000000,250.000000,120.000000
208.000000,209.000000,258.000000,122.000000
211.000000,209.000000,255.000000,124.000000
212.000000,210.000000,250.000000,120.000000
213.000000,206.000000,260.000000,121.000000
211.000000,211.000000,254.000000,123.000000
211.000000,210.000000,256.000000,122.000000
210.000000,207.000000,252.000000,123.000000
208.000000,208.000000,259.000000,131.000000
214.000000,209.000000,250.000000,128.000000
210.000000,210.000000,255.000000,130.000000
209.000000,210.000000,255.000000,129.000000
213.000000,207.000000,265.000000,135.000000
211.000000,212.000000,249.000000,127.000000
228.000000,207.000000,254.000000,125.000000
217.000000,209.000000,256.000000,129.000000
235.000000,212.000000,255.000000,126.000000
213.000000,202.000000,263.000000,127.000000
217.000000,195.000000,266.000000,137.000000
213.000000,199.000000,270.000000,136.000000
214.000000,198.000000,269.000000,137.000000
208.000000,193.000000,264.000000,135.000000
220.000000,194.000000,272.000000,135.000000
224.000000,200.000000,270.000000,131.000000
211.000000,197.000000,268.000000,132.000000
206.000000,202.000000,265.000000,130.000000
208.000000,201.000000,271.000000,133.000000
220.000000,197.000000,290.000000,138.000000
208.000000,196.000000,277.000000,132.000000
200.000000,201.000000,264.000000,128.000000
222.000000,191.000000,288.000000,138.000000
226.000000,198.000000,268.000000,132.000000
197.000000,204.000000,264.000000,133.000000
215.000000,201.000000,258.000000,134.000000
216.000000,201.000000,258.000000,135.000000
216.000000,197.000000,269.000000,142.000000
214.000000,202.000000,260.000000,139.000000
214.000000,201.000000,266.000000,142.000000
215.000000,200.000000,262.000000,139.000000
219.000000,198.000000,259.000000,137.000000
215.000000,201.000000,255.000000,132.000000
208.000000,204.000000,259.000000,138.000000
218.000000,204.000000,254.000000,137.000000
213.000000,199.000000,266.000000,143.000000
217.000000,196.000000,260.000000,138.000000
219.000000,196.000000,259.000000,136.000000
206.000000,202.000000,264.000000,138.000000
216.000000,202.000000,263.000000,139.000000
216.000000,198.000000,258.000000,136.000000
216.000000,200.000000,250.000000,130.000000
210.000000,195.000000,258.000000,134.000000
221.000000,200.000000,258.000000,138.000000
219.000000,199.000000,258.000000,137.000000
222.000000,201.000000,256.000000,138.000000
219.000000,196.000000,258.000000,136.000000
218.000000,202.000000,257.000000,138.000000
219.000000,200.000000,261.000000,139.000000
219.000000,201.000000,260.000000,138.000000
238.000000,196.000000,263.000000,135.000000
233.000000,200.000000,247.000000,129.000000
226.000000,200.000000,244.000000,128.000000
234.000000,202.000000,248.000000,130.000000
239.000000,201.000000,249.000000,130.000000
225.000000,207.000000,251.000000,132.000000
231.000000,201.000000,248.000000,131.000000
229.000000,203.000000,249.000000,130.000000
228.000000,202.000000,253.000000,136.000000
228.000000,206.000000,247.000000,130.000000
212.000000,207.000000,250.000000,132.000000
225.000000,208.000000,242.000000,129.000000
227.000000,203.000000,243.000000,127.000000
229.000000,204.000000,244.000000,129.000000
227.000000,204.000000,244.000000,128.000000
234.000000,203.000000,246.000000,127.000000
237.000000,204.000000,246.000000,127.000000
230.000000,203.000000,243.000000,126.000000
225.000000,209.000000,243.000000,129.000000
240.000000,204.000000,250.000000,128.000000
239.000000,202.000000,242.000000,126.000000
232.000000,207.000000,250.000000,130.000000
229.000000,203.000000,247.000000,129.000000
233.000000,206.000000,253.000000,130.000000
220.000000,210.000000,242.000000,127.000000
234.000000,210.000000,245.000000,127.000000
226.000000,205.000000,246.000000,130.000000
240.000000,204.000000,243.000000,124.000000
226.000000,204.000000,246.000000,127.000000
239.000000,206.000000,239.000000,124.000000
236.000000,210.000000,246.000000,128.000000
226.000000,211.000000,244.000000,127.000000
233.000000,203.000000,245.000000,127.000000
230.000000,206.000000,243.000000,126.000000
233.000000,204.000000,251.000000,133.000000
229.000000,210.000000,238.000000,126.000000
232.000000,210.000000,247.000000,128.000000
233.000000,208.000000,253.000000,132.000000
236.000000,206.000000,245.000000,126.000000
238.000000,204.000000,245.000000,127.000000
239.000000,210.000000,243.000000,129.000000
235.000000,212.000000,240.000000,126.000000
235.000000,207.000000,236.000000,124.000000
231.000000,213.000000,239.000000,125.000000
231.000000,213.000000,241.000000,125.000000
229.000000,208.000000,241.000000,128.000000
245.000000,207.000000,235.000000,123.000000
245.000000,214.000000,239.000000,125.000000
243.000000,213.000000,239.000000,124.000000
231.000000,210.000000,240.000000,127.000000
240.000000,212.000000,232.000000,121.000000
233.000000,212.000000,230.000000,121.000000
241.000000,213.000000,230.000000,120.000000
232.000000,214.000000,234.000000,123.000000
232.000000,208.000000,243.000000,122.000000
239.000000,209.000000,233.000000,119.000000
234.000000,206.000000,242.000000,122.000000
235.000000,208.000000,240.000000,120.000000
234.000000,213.000000,233.000000,120.000000
236.000000,212.000000,242.000000,123.000000
236.000000,212.000000,242.000000,122.000000
244.000000,210.000000,245.000000,120.000000
238.000000,211.000000,247.000000,123.000000
242.000000,210.000000,242.000000,120.000000
234.000000,207.000000,244.000000,123.000000
236.000000,210.000000,244.000000,120.000000
233.000000,211.000000,240.000000,120.000000
234.000000,206.000000,249.000000,122.000000
240.000000,212.000000,248.000000,119.000000
231.000000,207.000000,258.000000,121.000000
242.000000,204.000000,262.000000,120.000000
245.000000,212.000000,246.000000,115.000000
255.000000,202.000000,269.000000,122.000000
235.000000,212.000000,249.000000,116.000000
252.000000,211.000000,253.000000,116.000000
251.000000,210.000000,249.000000,114.000000
259.000000,210.000000,259.000000,118.000000
259.000000,207.000000,265.000000,118.000000
243.000000,207.000000,259.000000,119.000000
268.000000,215.000000,251.000000,125.000000
252.000000,207.000000,250.000000,118.000000
252.000000,209.000000,251.000000,117.000000
263.000000,214.000000,246.000000,117.000000
263.000000,210.000000,241.000000,113.000000
265.000000,213.000000,246.000000,115.000000
278.000000,212.000000,260.000000,118.000000
282.000000,208.000000,255.000000,116.000000
290.000000,215.000000,257.000000,116.000000
295.000000,209.000000,258.000000,115.000000
306.000000,208.000000,266.000000,115.000000
300.000000,206.000000,247.000000,113.000000
306.000000,202.000000,246.000000,112.000000
309.000000,208.000000,245.000000,111.000000
315.000000,208.000000,250.000000,111.000000
318.000000,204.000000,255.000000,112.000000
347.000000,206.000000,264.000000,113.000000
349.000000,207.000000,256.000000,111.000000
351.000000,206.000000,251.000000,111.000000
336.000000,202.000000,250.000000,113.000000
333.000000,204.000000,255.000000,112.000000
350.000000,207.000000,248.000000,110.000000
334.000000,204.000000,257.000000,113.000000
334.000000,203.000000,254.000000,112.000000
328.000000,207.000000,252.000000,110.000000
348.000000,203.000000,256.000000,115.000000
361.000000,208.000000,256.000000,113.000000
361.000000,216.000000,247.000000,111.000000
363.000000,215.000000,249.000000,113.000000
365.000000,215.000000,245.000000,112.000000
381.000000,218.000000,229.000000,109.000000
407.000000,233.000000,224.000000,106.000000
405.000000,229.000000,219.000000,105.000000
414.000000,234.000000,219.000000,108.000000
427.000000,237.000000,208.000000,108.000000
435.000000,228.000000,198.000000,108.000000
450.000000,224.000000,191.000000,110.000000
451.000000,214.000000,185.000000,113.000000
454.000000,225.000000,185.000000,105.000000
459.000000,220.000000,203.000000,123.000000
461.000000,222.000000,165.000000,102.000000
467.000000,220.000000,165.000000,106.000000
475.000000,235.000000,159.000000,99.000000
494.000000,241.000000,161.000000,103.000000
507.000000,243.000000,156.000000,105.000000
504.000000,230.000000,152.000000,107.000000
519.000000,219.000000,153.000000,110.000000
2
0
0
0
0
1
713.000000,227.000000,152.000000,82.000000
715.000000,226.000000,152.000000,82.000000
717.000000,226.000000,152.000000,83.000000
716.000000,225.000000,169.000000,85.000000
719.000000,227.000000,164.000000,85.000000
720.000000,228.000000,161.000000,83.000000
717.000000,231.000000,169.000000,83.000000
722.000000,227.000000,152.000000,86.000000
723.000000,228.000000,157.000000,86.000000
725.000000,229.000000,160.000000,85.000000
728.000000,232.000000,172.000000,85.000000
731.000000,233.000000,179.000000,82.000000
737.000000,236.000000,187.000000,82.000000
743.000000,233.000000,182.000000,88.000000
749.000000,232.000000,179.000000,91.000000
749.000000,231.000000,179.000000,91.000000
753.000000,234.000000,178.000000,91.000000
759.000000,232.000000,173.000000,91.000000
759.000000,230.000000,176.000000,94.000000
759.000000,231.000000,183.000000,95.000000
756.000000,232.000000,190.000000,94.000000
751.000000,231.000000,195.000000,94.000000
756.000000,233.000000,194.000000,91.000000
766.000000,233.000000,195.000000,94.000000
761.000000,233.000000,195.000000,95.000000
766.000000,232.000000,193.000000,96.000000
770.000000,232.000000,192.000000,96.000000
769.000000,230.000000,191.000000,97.000000
764.000000,219.000000,186.000000,99.000000
756.000000,221.000000,191.000000,100.000000
