1
103.109573,58.800117,130.225281,134.188904
99.677490,51.759750,131.076508,138.078812
97.712715,41.060471,133.591599,142.690933
96.809799,34.921448,132.747498,138.087189
102.199997,23.799999,126.400002,121.400002
100.005875,34.710419,140.372406,140.083405
114.820824,10.119133,115.834488,123.454636
118.498764,14.413727,118.313210,118.606766
118.199997,10.000000,124.599998,119.800003
135.634888,20.291397,117.190414,116.778625
145.779266,9.556313,108.344467,115.028458
155.690598,8.357132,108.872169,118.131516
160.655807,14.281315,109.754402,122.052650
166.317169,16.788460,104.441895,123.113083
170.229126,21.412994,98.533737,119.366333
172.833557,32.764107,105.303085,122.472488
178.766327,42.270615,103.508041,117.569336
181.401001,49.889835,105.397041,120.617043
185.384933,56.876595,106.191467,123.376007
186.998566,63.574650,108.318634,122.695259
187.103638,70.191345,106.385422,117.227692
188.747437,76.669785,104.340424,111.864769
190.836838,80.775070,102.460838,104.996429
188.899155,82.658882,104.344421,106.800339
186.437622,87.294052,103.570091,95.877563
196.320633,92.024017,95.501221,91.206062
186.378708,103.819122,107.596466,109.673790
177.923248,105.065994,112.224472,113.062531
173.246033,131.033585,114.596642,120.232941
172.099716,118.303093,116.105164,117.868851
173.763596,113.440887,112.494911,115.199394
174.546524,96.618393,114.175056,121.376091
169.171814,106.147705,111.261932,119.022675
172.090912,91.457626,114.327011,125.107231
169.126251,110.782188,112.533646,117.568497
166.538834,117.113342,109.431915,112.162354
172.445221,111.255035,107.384804,113.796562
169.338531,117.840378,110.014786,110.290863
173.504578,124.364212,107.635033,107.290077
162.111450,118.099045,119.542229,113.918694
168.670731,116.445099,116.885643,110.075203
172.200912,115.899971,108.092987,103.079727
170.490051,124.451752,110.762497,100.159416
172.305939,125.200989,112.198677,100.386749
172.171661,128.232162,110.835709,101.140511
178.118164,129.948822,103.310356,101.926498
179.009308,141.954193,104.375671,103.882263
180.104279,148.282013,106.999130,106.428154
183.633743,159.771362,102.802086,101.348061
190.244629,163.526947,100.364029,99.652840
187.692184,172.883026,101.758751,100.681953
196.477875,185.225555,100.111984,98.355415
198.758698,195.190063,97.334717,96.055580
199.873444,199.102707,101.922134,98.528557
202.496185,207.737015,103.794800,96.037453
206.734848,212.270966,107.325531,96.844971
221.153717,221.065277,100.896164,92.595222
229.152390,223.586258,100.349159,91.582253
235.838669,232.608795,103.173256,88.561829
241.890991,229.803452,106.412468,92.038368
246.540482,231.215942,105.253014,91.901535
262.894897,229.677948,105.292023,92.234016
271.954315,221.027786,102.014778,92.508629
280.610260,221.118530,99.882080,93.457779
290.127563,211.004913,93.876297,90.013420
298.946869,205.624084,90.124565,93.630539
303.025787,187.172974,86.825180,96.149986
319.366882,169.854614,84.165932,90.044601
314.550964,153.795776,84.270309,94.267967
312.497070,132.529053,96.000282,99.960495
327.640442,121.471184,91.006737,91.879837
346.322266,119.520859,89.733612,90.102455
351.728485,92.762878,99.779343,101.220001
350.409454,42.018578,99.251106,98.216385
388.089813,63.083599,99.425476,97.005455
389.779388,43.639164,99.102921,100.752556
402.781189,46.541290,95.358994,92.081467
354.100555,-6.247997,88.142448,95.974281
395.398224,4.621132,88.752739,87.573792
397.010803,1.918053,84.451683,88.295341
394.572571,9.358932,92.891991,98.658226
386.699524,7.335220,105.746231,101.386894
379.806274,7.334404,104.407990,99.608757
370.482880,6.644676,109.587181,101.572418
366.730865,8.687710,106.210938,97.318123
357.689758,11.460194,108.137764,94.046951
341.860199,13.638641,112.592125,92.105568
336.054474,17.993534,107.223763,92.868431
322.633636,24.287025,112.346687,94.678085
313.839355,25.797668,112.549034,91.413055
299.480774,31.038383,113.308807,91.865631
285.690033,41.129841,114.303360,93.029778
268.179779,44.977360,120.727959,96.857231
260.137085,48.283314,117.371918,96.532845
255.781525,40.078167,114.600090,104.641731
244.168671,48.836189,122.684563,104.972763
237.486572,46.322472,133.065048,111.259048
229.076050,49.678566,127.342361,105.971664
227.630920,47.121719,117.209236,108.241608
221.766266,46.690933,117.420883,108.760605
215.760818,39.550522,120.069000,112.636948
207.590546,43.081699,125.684937,112.231819
199.979858,48.920670,114.199760,110.378799
193.802200,45.094479,113.422050,108.936790
186.878296,45.359406,117.937393,111.932663
177.830505,44.824299,123.791763,115.463219
170.568268,50.038498,119.502167,112.744919
161.088348,51.809147,123.216721,104.793480
153.835052,56.103222,125.228340,102.689705
147.744644,60.934105,122.040894,100.060425
134.196762,65.028381,116.225746,103.298279
123.713684,67.282608,116.979546,99.912689
113.896088,72.760292,124.233971,102.187683
108.109108,89.184875,117.155045,108.602112
105.601944,94.178055,121.645882,108.285797
96.862709,101.766205,126.072159,113.073853
95.799774,99.480522,131.813171,116.220200
77.615501,103.004395,129.108871,121.215942
66.417091,106.048904,132.567001,126.181770
53.945717,117.849670,136.869995,131.932678
56.934540,120.589127,129.922806,129.309570
62.536797,124.521530,118.128876,125.394936
63.908611,142.213089,114.552299,117.443024
65.034592,148.459686,122.104446,113.721779
56.627621,131.419464,122.491768,115.196884
59.975586,120.340462,133.953506,127.868393
66.503922,111.791298,119.179367,117.677383
73.862244,100.371063,117.188599,111.671013
79.604027,96.291176,130.194778,115.622574
89.915718,83.211746,132.675705,114.683815
104.096603,80.021790,133.302368,114.322021
112.953697,76.380104,132.917130,113.716476
124.520737,71.782120,126.481056,107.145699
139.046082,75.970261,116.205521,99.872444
160.631058,77.527695,115.942932,100.180267
171.298218,79.574310,112.608444,98.733459
169.065781,71.587540,114.990898,102.914162
176.893707,77.414444,113.646835,105.124641
173.575867,81.278931,112.937225,103.213478
174.890182,87.955246,108.914421,101.008751
179.962601,97.276131,106.967278,101.191238
186.809982,105.468338,100.997955,99.060036
186.946732,113.131310,102.160912,96.593277
194.663330,120.621590,94.815170,92.767166
191.805847,121.997299,97.284332,93.511749
187.677567,127.561066,98.007385,91.685905
190.263748,129.178635,91.530548,92.095985
189.199463,133.230194,94.839279,94.510483
185.978790,140.181808,97.320084,94.982201
185.900803,140.735031,102.419159,99.935272
191.147278,146.154480,99.399628,99.842163
198.090668,154.966660,93.786880,92.557930
196.709122,157.340210,94.744324,92.914246
196.142502,162.494003,95.461342,89.373528
188.407471,158.510483,97.036674,94.004173
198.344559,167.622681,93.962044,87.101372
200.944427,171.003555,96.199020,87.596123
207.853500,172.130066,95.491051,86.466621
208.323685,173.989471,93.406242,83.771652
212.548386,175.345490,90.383942,83.350166
211.195801,174.389526,91.904068,82.506271
206.464584,173.958847,93.015633,83.012299
218.820633,174.277176,89.245392,79.178856
