1
1099.645142,600.692078,48.341259,71.568459
1094.199951,607.599976,48.200001,68.000000
1061.400024,606.000000,48.799999,68.599998
1067.199951,613.000000,48.799999,68.000000
2
0
0
0
0
1
870.000000,601.599976,67.599998,49.000000
851.599976,582.400024,67.400002,48.799999
835.874878,568.943420,70.001526,61.137180
825.613892,559.508423,75.198349,66.486084
824.000000,566.200012,69.800003,50.400002
819.317261,559.313660,66.026176,53.771679
809.998901,560.046143,59.664749,51.574657
802.000000,563.200012,69.000000,50.200001
793.951172,558.030701,52.603630,53.620247
786.201904,547.026306,60.733070,59.357159
779.389465,544.692688,66.443275,56.176414
778.094971,547.906067,64.462669,48.830757
775.799988,553.599976,67.000000,49.000000
780.599976,555.000000,67.000000,49.000000
786.200012,562.599976,67.400002,49.200001
791.000000,576.200012,67.400002,49.200001
782.000000,564.000000,67.000000,49.200001
787.421631,533.479614,57.638397,42.729275
789.623108,520.919739,64.433739,52.360947
786.652222,505.084045,63.948673,57.351906
787.720642,491.097168,62.190277,67.746117
786.618225,487.568237,63.807484,62.578991
783.273621,482.915161,61.357204,58.664566
777.810852,479.197998,58.951733,55.163185
771.761414,480.107086,58.584618,48.567478
758.509705,480.056244,59.545097,45.942005
751.642456,479.131439,57.756306,43.728382
745.260742,479.195038,60.486023,43.708138
733.271851,475.182251,55.613655,41.759785
725.616394,471.848145,54.021561,39.940044
710.494995,467.987152,55.126282,38.980183
685.081421,468.763947,52.715084,34.681774
669.166443,466.867889,49.333752,34.093410
647.650879,463.121002,47.467426,35.110252
625.920349,458.105988,44.257450,33.192612
604.605469,453.032928,45.351654,34.689259
581.539368,447.130768,44.891586,35.796799
556.269287,445.105103,46.149429,35.196995
527.913025,443.393951,46.037956,34.354549
498.577087,443.598602,47.985100,34.699306
472.978516,437.424072,52.288528,36.658966
462.399994,439.399994,54.799999,40.799999
433.156830,437.019592,56.478935,39.469440
2
0
0
0
0
1
2
0
0
