1
1101.776733,600.375366,46.669437,70.921326
1094.400024,606.000000,48.000000,68.000000
1058.776245,609.093384,48.244827,60.256882
1068.426025,617.664612,51.442642,61.498726
2
0
0
0
0
1
869.799988,602.000000,68.000000,49.599998
852.799988,584.400024,68.400002,49.799999
833.721130,567.468384,69.810234,57.686413
825.439331,561.753052,73.664665,60.004253
822.400024,565.000000,70.000000,51.200001
817.734619,559.602783,70.156143,54.676441
809.831543,560.209656,59.390778,50.973141
800.400024,561.599976,70.599998,51.599998
793.629517,555.603333,56.206284,50.455456
783.031311,550.367981,65.426880,55.020641
778.850525,546.276611,67.387108,58.028709
776.182983,548.933289,65.639610,47.851254
776.200012,551.400024,70.599998,52.000000
781.799988,554.200012,70.599998,52.000000
782.400024,563.599976,69.000000,50.799999
777.000000,573.400024,70.400002,51.799999
781.000000,563.400024,71.000000,52.200001
785.794922,534.717407,62.182259,42.061661
789.682922,522.153931,63.571362,50.029831
783.639099,505.500641,66.868118,54.174984
782.643616,488.744507,67.318214,61.633904
782.014465,484.421051,66.044418,59.820400
783.346252,483.692627,61.299171,55.320473
778.046082,477.638153,59.135517,53.958958
772.066162,478.311493,58.623165,47.703518
757.289673,479.227661,58.547756,46.951569
754.234741,479.714203,59.311703,44.019825
745.630615,477.633057,62.388123,44.258125
726.799988,471.399994,71.199997,51.799999
722.539673,474.632690,57.599678,39.853767
704.650696,470.928131,56.624649,38.575375
685.436890,467.136627,57.195816,38.959560
660.799988,458.399994,70.800003,51.599998
638.599976,454.799988,70.000000,51.000000
627.878479,452.932098,57.535141,39.131054
605.936829,448.307953,58.213360,39.442585
584.565552,444.056671,61.180717,41.288303
556.916260,441.486389,62.147270,41.998634
526.154968,440.728943,57.495289,41.084743
500.558380,435.654022,61.238346,40.867985
466.751068,435.487091,60.319374,42.611778
434.815216,433.486053,59.292850,43.147030
399.284973,431.011414,58.744919,42.070293
367.962006,427.475647,67.602989,43.362152
330.163239,425.276917,69.505249,44.267731
290.985962,426.258545,70.267838,44.019882
251.790619,424.745392,74.564560,45.663906
214.850494,426.177216,77.908760,47.320652
199.199997,418.000000,76.199997,55.599998
2
0
0
