1
1099.113892,602.277161,48.030754,69.394745
1094.000000,604.200012,48.799999,69.199997
1059.327026,604.056702,46.995354,65.938522
1068.696655,616.086975,48.877750,61.516495
2
0
0
0
0
1
869.599976,599.400024,66.800003,48.799999
851.799988,576.400024,66.400002,48.599998
833.598206,567.433228,70.790314,61.685318
826.858521,563.658020,74.000191,61.668205
825.000000,565.599976,68.599998,50.400002
818.891235,560.238647,67.038879,53.676926
811.235901,559.756531,57.794350,51.797840
805.000000,561.200012,68.199997,50.400002
792.588257,559.021057,54.537128,52.048534
789.474976,555.500244,58.086491,55.612309
779.180908,546.046326,67.127975,55.657703
777.291809,548.875549,64.462006,47.670181
779.478455,551.438904,62.040539,46.180313
783.599976,554.400024,65.599998,48.000000
794.599976,564.000000,65.400002,47.799999
790.366211,591.007385,53.770718,45.489571
786.237854,565.881714,51.563377,43.568913
787.463074,534.772949,57.090988,41.594273
790.226379,522.329346,63.099731,48.927727
785.908386,505.801025,63.266701,53.904408
787.563232,493.652924,61.905354,64.575394
785.764038,481.950378,60.197392,59.042553
783.259277,483.369110,60.396812,55.909618
779.563782,478.331848,55.652206,51.198109
771.481995,479.756531,55.950390,46.325710
760.940979,478.810028,56.629662,43.211002
754.397644,479.798584,57.954582,43.620178
744.677002,478.579437,57.680222,44.055614
731.289307,474.906647,52.847206,42.603878
721.482422,473.515228,50.754036,39.374660
712.738647,468.913544,51.149220,36.298508
687.607300,470.566925,49.220959,32.605713
664.000000,459.799988,56.200001,41.000000
649.459229,460.694611,46.005424,34.741817
629.159729,456.482971,45.831055,34.660336
608.612915,452.346741,48.803883,34.327370
581.098206,447.485138,42.389755,33.935566
554.452759,447.385681,43.033192,32.682758
528.483093,442.771606,47.836857,35.086445
504.952728,438.201965,49.724575,35.472389
481.000000,433.000000,54.599998,39.799999
470.600006,434.000000,53.599998,39.200001
2
0
0
0
0
1
196.399994,439.200012,36.200001,27.799999
2
0
0
