1
240.254669,163.451416,24.596817,62.835697
240.715530,166.377335,23.421785,62.382427
235.083878,163.219482,25.566227,64.934509
237.192535,170.766388,24.532928,63.237492
238.370026,175.005432,23.416973,62.587872
234.113434,183.585144,26.131681,64.108200
221.328522,189.336594,28.143639,63.501434
227.800003,207.800003,30.799999,61.400002
243.800003,231.800003,30.400000,61.200001
267.000000,227.600006,30.400000,61.400002
2
0
0
0
0
1
124.024796,292.496246,60.533539,61.389297
104.694420,287.284607,57.099594,61.626877
96.752953,288.242615,56.132458,61.723930
78.346695,279.777435,54.029484,59.846302
64.543732,274.456024,58.746593,60.505283
60.000000,273.000000,61.000000,59.000000
42.199783,267.762421,59.414566,61.069874
58.293602,253.470657,49.797928,58.951744
75.400002,229.600006,61.599998,59.799999
109.800003,234.199997,61.200001,59.599998
146.000000,243.399994,59.400002,58.000000
180.399994,252.199997,58.799999,57.400002
211.600006,254.000000,59.200001,57.799999
243.105682,255.807205,47.674328,60.570576
245.625351,262.077789,54.902370,61.129711
249.340546,266.189667,58.874039,58.839252
253.581833,270.915466,59.971893,59.498470
253.470215,270.793976,61.855152,59.701561
269.659454,277.948792,62.182541,58.427738
281.536194,279.591278,59.853378,60.547890
291.184204,282.060822,62.233219,59.154644
315.974976,291.258759,61.816357,57.970703
335.999420,295.284729,59.457039,56.895355
348.226562,303.504059,58.628414,58.617077
347.348358,307.681793,58.359020,57.646461
341.500671,310.058075,61.112354,58.395134
359.023193,315.952789,61.659164,61.584373
384.024261,334.185760,59.514709,60.000847
381.738434,333.260529,60.769978,62.201672
376.065552,322.854889,61.352528,65.142464
384.403625,326.553864,62.266823,64.489456
410.730560,336.716919,62.631935,65.128731
423.391998,339.610229,63.644485,66.405365
434.727051,340.273438,61.370373,65.674812
452.686829,358.362701,63.645302,69.515450
450.402161,358.709229,62.055382,67.876945
416.171875,343.822784,61.047592,66.670662
394.776306,323.158966,59.285736,68.528481
383.697479,300.485077,59.585598,64.819092
381.764191,296.123535,59.306835,66.709900
374.697052,284.647095,59.322689,66.525414
352.789398,278.227478,62.017567,64.179932
342.699829,276.009491,56.264088,59.624855
321.909027,269.341522,59.018894,61.061443
305.465485,264.800201,60.664135,62.741611
297.874023,256.945343,59.657196,61.275669
278.668243,244.039673,63.237209,66.102898
252.166061,226.415100,63.929344,64.847420
242.365952,215.826752,64.320412,67.488152
225.516968,205.594910,66.430367,67.614433
204.497711,197.770721,69.267815,69.360367
178.817307,183.925751,65.626465,66.817841
157.835724,169.819748,69.486717,70.814545
140.901886,164.731674,66.508537,70.136070
132.177399,156.686142,65.986450,71.676819
120.754463,140.504669,65.074997,70.086441
107.772491,132.304550,69.007416,74.590424
97.429855,139.941772,70.134377,77.317032
108.335243,155.679245,68.495102,77.931557
126.072227,187.124313,71.252579,78.591095
124.572754,183.837570,71.987335,80.829002
123.518150,167.148285,70.206467,80.635254
120.553009,169.174316,71.204765,79.843735
122.532257,183.223328,72.230690,79.416092
128.062119,206.091675,73.049614,80.333046
145.767365,224.533691,70.732185,77.737991
175.363693,235.187225,69.780273,76.028122
207.765381,237.202835,66.654869,79.985512
223.323700,244.216461,66.750870,81.013008
2
0
0
0
0
1
133.201843,59.768623,72.673134,84.163574
141.085083,66.434608,73.434395,83.363434
148.365234,70.396141,71.556030,82.915634
150.012619,69.399376,69.786163,82.145325
153.146271,71.202393,68.137482,81.318214
161.500961,72.797455,67.039116,81.477081
182.383148,74.117233,63.194977,81.260910
189.535995,67.728775,60.559822,82.273506
185.749435,64.210312,58.074799,81.380707
178.494171,60.712162,60.132805,81.449959
171.937439,63.508305,59.326439,80.952934
169.486786,62.633347,58.382183,78.845840
150.216415,66.983368,60.442593,75.538177
131.869034,70.484634,59.254620,77.464302
119.583252,77.293259,63.734009,78.262276
116.476089,86.015869,63.077187,77.988029
107.451996,98.420990,64.735497,78.190826
97.058861,108.676163,67.345261,79.277000
92.217529,106.934586,69.047531,79.789864
88.453827,107.005310,70.271866,80.085014
91.182114,122.109070,72.689888,82.687675
90.693001,127.234970,73.413528,82.296913
91.941872,128.753723,74.040329,85.516075
99.038139,129.202240,75.524002,86.146591
106.658203,119.763031,74.984856,85.351372
102.641731,112.912704,74.036911,84.350883
99.117966,108.198120,70.512360,82.825623
95.309219,96.625214,70.093163,81.586769
