1
239.407837,163.526550,25.630455,62.558552
238.607651,165.952393,26.646954,64.314774
233.855499,163.981842,26.928307,63.995651
237.013550,171.096237,25.387871,62.043022
237.151031,175.759430,25.468849,61.196468
234.361343,184.396179,25.791201,63.673122
222.308090,190.149719,26.703272,63.120346
225.199997,204.199997,31.799999,64.199997
249.262787,227.964294,26.770992,63.838070
269.600006,244.800003,31.600000,64.000000
266.885986,222.553894,23.285994,69.233017
249.178421,227.377869,26.073162,67.153313
2
0
0
0
0
1
91.924393,289.073151,63.947819,62.204906
72.280632,281.762085,60.911316,58.811386
59.534592,273.580078,65.127609,63.963951
54.781776,265.479431,64.240234,68.294769
40.055222,261.007690,61.917065,67.221283
47.200001,243.600006,67.000000,67.000000
70.205780,224.328018,66.379051,69.491302
116.421753,233.546524,67.432587,60.326214
151.600006,235.800003,66.400002,66.400002
191.532043,247.636780,73.754990,62.353409
224.981110,256.539001,61.857014,63.829876
230.813187,252.320419,61.145470,66.035362
238.221024,256.923523,62.989159,64.797768
240.079041,261.221954,65.016434,62.529648
245.784363,264.021362,63.245911,65.441582
248.904724,268.152100,61.489063,60.904026
264.075073,273.343689,66.257690,62.776134
272.106201,275.017731,65.415314,63.277096
288.449371,280.533752,61.288776,61.800877
307.608612,284.320557,67.964409,64.421471
325.424713,287.547729,64.660881,64.541672
337.831573,294.319519,64.154671,64.980766
335.038513,297.730896,64.792656,65.087479
331.850128,302.150299,67.983940,66.224136
348.882050,309.225769,61.924561,63.902313
374.711060,325.092102,64.844177,67.602470
367.521301,323.191345,64.629623,66.313438
365.913635,315.232178,65.192703,68.275925
373.258636,319.019073,60.809204,62.959629
394.216736,324.568237,63.637905,68.450432
409.237823,328.833405,62.967686,63.223438
423.188416,330.797211,63.174397,67.527397
436.636902,346.671814,63.095886,67.045769
440.441193,348.277557,63.171619,68.621483
413.756287,338.571136,64.745613,67.165878
393.356964,316.600647,66.617958,75.499710
381.613525,295.168518,67.574059,72.119911
368.311401,284.426483,63.439941,68.866905
360.405823,275.121490,64.332161,69.049126
341.574890,269.171600,63.346046,66.476173
322.048950,262.661224,64.999901,65.159180
308.975555,258.676971,67.853989,70.173027
286.755646,254.633255,62.810966,64.795624
280.589996,245.414642,62.213921,64.182266
262.472656,235.584320,62.947372,65.428711
240.307373,218.952637,65.451355,67.768990
223.508820,205.931824,66.722221,69.588478
212.526398,197.550110,64.247124,66.911331
194.634628,190.692535,65.359459,66.664635
169.592834,175.840942,71.457443,72.918472
148.306259,164.296310,67.716896,67.947411
126.721596,152.854416,69.419113,72.488617
122.347672,149.560654,67.711098,69.624237
112.550842,135.667206,67.796867,69.141769
102.896942,129.370911,70.429512,68.293503
92.656532,133.805603,70.099319,74.291580
101.081161,150.082382,66.250549,75.897675
118.744667,183.074997,67.372391,69.323700
122.518272,176.592758,72.028488,81.610870
118.110016,161.358673,76.341530,81.801804
114.588768,163.123779,75.696579,79.078629
116.249832,177.461319,72.242180,75.026939
120.538803,198.416687,73.342110,78.662888
135.148056,218.106140,73.035042,70.437210
167.810883,231.094757,73.796646,72.404160
199.299683,233.717316,68.682922,78.986938
217.795288,239.869476,69.812691,81.491653
2
0
0
0
0
1
134.539658,58.419930,70.015709,89.191772
143.551300,66.423386,70.130554,84.380737
148.127869,69.105042,69.403732,83.694687
151.434204,70.233025,67.686752,83.860458
153.301880,69.217758,66.676926,84.599274
163.623703,71.620682,64.303993,82.476616
182.240112,75.129913,61.928078,79.479279
190.154282,67.851654,56.858608,81.537750
186.665314,67.634048,54.517899,77.659088
180.434235,63.813408,53.002178,77.193924
173.528275,65.498810,53.312351,77.714249
170.542816,65.525780,53.998447,75.810730
152.039520,66.973816,56.447884,76.021812
132.204758,73.229660,57.410530,75.697899
121.710358,79.419006,60.760597,78.073891
116.325668,86.395355,61.993927,77.337891
108.645660,98.026276,62.441582,80.204094
98.402237,107.963058,64.297768,81.211525
90.659821,109.014404,67.024635,80.973824
89.707611,106.981468,66.673409,82.237289
91.392967,121.201698,69.463379,84.837601
91.026459,126.606575,69.480461,84.530533
91.705910,130.068161,71.026840,86.710808
101.094551,129.673370,69.700546,85.060104
107.903702,120.497421,70.107948,86.426888
106.446564,113.808075,67.584190,83.948784
99.389008,108.431183,68.294640,84.833427
94.626205,96.533478,68.268585,82.468811
