1
240.378525,162.438431,24.843302,64.013123
240.563889,166.875519,23.750828,61.378902
235.827866,165.054962,23.804064,62.563511
238.320236,172.358734,22.913637,59.441116
238.670853,176.664047,22.879957,59.827724
235.526215,184.540634,24.188360,62.478619
222.448166,191.435577,25.726717,60.766857
225.399994,205.199997,32.799999,65.000000
240.199997,229.600006,33.400002,65.599998
265.799988,232.199997,34.000000,66.599998
261.799988,222.600006,33.599998,65.400002
245.600006,227.399994,32.799999,64.199997
2
0
0
0
0
1
90.637039,287.859833,67.194832,63.882935
72.232246,281.631195,63.727253,59.766949
59.196537,270.956696,65.917992,64.926682
55.795452,269.960968,64.511055,63.060616
36.820782,262.668121,66.615532,65.025330
46.000000,250.600006,63.599998,63.599998
86.088501,229.127579,58.364845,66.441246
97.800003,227.199997,64.800003,64.800003
117.199997,218.399994,65.800003,65.800003
2
0
0
0
0
1
255.677643,272.513062,55.961494,51.732643
267.823303,278.520752,59.004093,50.719707
276.473022,279.720306,56.926525,51.538197
292.127319,283.864288,56.565742,51.103565
311.796173,290.344543,59.497761,51.562492
332.374603,293.177826,55.602505,52.228149
342.643066,301.021790,55.789612,52.109386
342.815491,304.701355,55.149067,52.417233
335.998413,307.268707,60.753754,54.884693
355.335876,315.380890,59.128559,54.634914
381.415558,331.201660,57.802490,57.516399
375.438538,328.428436,57.175426,58.135460
372.260345,320.040222,56.878887,57.446568
381.018250,324.436096,61.338287,59.547771
403.958649,331.973969,56.558762,61.055866
417.338196,335.020569,61.506538,60.740517
431.839569,336.059631,59.363483,62.557861
444.963196,352.347382,59.627594,63.680653
447.462280,353.814453,60.501694,63.903072
421.962891,344.799103,58.845856,64.152550
401.173492,324.626221,56.203190,66.815292
388.529083,300.751221,57.300663,64.598938
376.804443,290.464478,55.858398,61.867180
368.804810,280.459839,55.623928,59.608906
348.758179,275.288696,56.291698,56.876915
331.109253,268.627991,59.414200,57.321026
312.380890,265.417297,60.024429,55.936695
296.087585,261.138794,58.917175,56.891411
289.387878,252.015503,58.085503,56.113583
272.147705,241.412888,59.910992,58.403118
249.092422,227.124298,63.579369,58.403011
236.190262,212.553406,60.737942,58.693699
222.313385,202.381927,62.076931,60.828171
204.626556,196.424881,62.885056,61.952332
177.226974,181.006851,65.211334,64.441917
156.887009,166.441986,63.789234,67.437378
137.412567,158.945480,61.472816,65.826263
131.030151,153.978195,61.741257,66.625160
119.979813,139.053879,65.220001,66.210411
108.849380,132.562790,66.019829,70.259575
99.136444,136.828110,66.347137,74.741219
110.163910,153.744186,66.635429,77.556946
127.903641,184.469345,67.974068,75.388649
129.216492,180.177002,65.083763,77.679001
126.633301,164.737854,66.822838,75.378868
122.234726,166.488022,67.558434,74.461250
123.604401,180.773788,68.289726,75.706917
127.776947,203.089035,66.469635,73.903687
142.381134,219.214844,69.373276,73.880623
175.159683,231.078812,68.673622,73.781097
209.581177,237.723083,62.504864,74.058235
227.885483,247.349182,61.578716,73.794930
2
0
0
0
0
1
133.227234,60.091312,71.886284,84.217949
142.597870,67.002335,69.684555,80.613564
149.051773,71.300476,71.198120,80.535873
151.975098,71.185593,67.558952,80.293633
152.757996,71.783524,67.354324,80.508926
163.564041,72.369118,63.900402,79.037277
182.842926,74.260765,61.990005,80.306198
190.661072,69.121216,57.575375,79.505104
186.825180,64.566994,57.014652,81.425262
180.225052,62.631950,54.771954,79.523727
173.878723,65.771362,55.380413,78.133743
170.731232,62.507309,55.153015,78.333420
151.193542,66.039963,57.349705,75.426208
132.987000,73.225357,56.550095,73.647194
120.223541,78.504364,62.268375,77.177193
116.179367,86.592102,62.741512,76.952370
106.205902,100.591202,62.687317,75.971657
96.827713,108.606697,67.408073,80.360153
89.964813,109.344498,69.970779,79.909309
87.310616,108.155975,70.034943,80.100502
89.141640,121.108963,73.773071,85.168953
87.489166,127.252777,76.078804,83.906502
89.685600,131.047760,75.242310,85.324844
98.688217,129.066330,75.229195,86.530190
106.330307,119.519043,72.853920,87.502930
102.208191,114.149590,74.237274,82.767197
97.107010,109.126968,71.648445,81.587379
94.971649,97.236359,69.444061,81.825195
