1
240.607117,163.382996,24.908627,63.177967
240.576904,166.405609,24.398457,63.376934
236.048370,164.504456,23.881550,61.892334
238.160828,172.092926,23.397598,60.507034
238.921616,175.879517,22.525600,60.843246
235.704605,184.857941,23.954550,62.117287
222.869171,189.756622,26.364586,63.192604
225.399994,204.800003,33.000000,66.400002
244.399994,229.199997,33.000000,66.599998
268.000000,219.800003,33.000000,66.199997
2
0
0
0
0
1
123.870552,293.371216,61.938641,60.405170
104.972076,286.260590,57.333809,62.839661
95.695694,288.572876,55.832764,60.432465
77.696701,280.660675,55.259785,58.742874
63.494019,273.956543,59.423111,62.570858
58.089104,269.699921,58.881241,62.623894
41.841927,261.041565,58.482590,66.859306
48.799999,249.000000,66.599998,64.400002
77.203239,228.302948,60.154236,64.555779
120.103340,233.408203,61.684250,60.657230
152.600006,239.399994,66.800003,64.199997
188.000000,245.800003,65.599998,63.000000
234.735443,259.843201,52.509647,59.686234
235.911743,254.613098,53.849724,65.001511
240.436768,256.663483,60.042374,66.131889
242.296494,261.421906,62.965549,60.896790
247.865952,267.003937,64.611603,60.994099
253.850983,271.089722,62.268974,59.175137
267.665924,274.686493,63.810711,61.720821
274.628967,276.094299,66.077339,62.098217
290.089478,280.278015,65.038818,60.865631
309.283997,285.263397,65.848831,62.649654
331.841766,291.531738,65.474976,61.483562
337.297150,297.033539,64.466393,62.104103
341.284180,301.605774,64.191193,61.563057
332.358459,302.343811,66.806770,64.341301
350.448700,310.577820,61.494019,63.010895
387.515381,333.031769,62.534149,64.435242
373.690643,324.804230,67.166306,67.095108
367.484222,316.247772,65.658424,65.279243
378.354828,318.979492,67.606194,68.883438
401.488922,329.237427,67.727127,69.851395
418.536835,332.499664,68.060074,71.701645
424.949463,330.413696,67.484268,69.458595
442.600067,350.511841,66.663330,71.296188
443.497284,349.285370,64.699707,69.479897
416.507050,340.655823,61.682247,68.222870
395.384766,319.213470,63.348660,73.757248
382.597748,296.118652,63.399006,70.745575
370.067627,283.421387,62.553505,67.634048
363.145447,274.051422,64.404190,68.707283
348.089447,273.213928,65.201759,67.368721
328.456024,264.128235,65.909813,66.258469
310.083130,262.120544,64.976341,64.677437
290.578979,256.350830,68.092003,66.784897
287.421448,249.869385,68.724815,65.361801
270.602478,237.764740,67.071777,67.960434
246.538025,223.526428,67.542656,67.805962
234.494461,211.023010,69.285980,69.287338
222.111694,202.231262,65.690674,68.073647
200.122482,192.940842,68.304024,70.148354
172.664902,177.684753,68.513145,71.511353
152.796204,164.509018,68.088387,70.224342
135.238617,157.079285,67.642647,72.995651
131.092133,153.136536,66.059341,74.062393
119.381393,136.859436,65.193947,69.685593
106.816574,130.608551,66.962624,70.746384
97.193726,134.834473,68.498772,75.900223
108.112587,152.199448,67.516403,79.442505
122.909676,181.590042,70.183853,81.352966
125.436211,178.808472,72.332687,81.464020
124.787918,164.854431,70.549171,82.449669
117.672485,165.270477,70.893745,76.494987
123.308609,179.342102,72.599098,81.057976
123.212692,198.537231,70.592079,82.400223
141.537506,219.198318,71.522873,77.596153
172.879303,228.321762,71.852661,79.489098
201.927399,229.191650,66.219681,83.925789
220.410385,239.774231,68.090981,81.354324
2
0
0
0
0
1
133.575348,57.970505,68.608276,86.009995
142.855377,67.405617,69.637085,82.873642
149.041962,68.145332,66.884880,82.808701
150.845184,69.717651,66.502045,80.904510
151.506989,69.414215,68.192123,82.690514
162.730148,71.645157,64.815002,82.872009
182.287842,75.130569,61.616756,80.281761
191.116348,68.964279,56.253448,79.085793
187.075165,65.319656,54.473328,77.310234
181.103073,63.793743,52.841927,76.375908
174.406998,65.703262,53.212822,77.026985
170.631088,62.136051,53.920872,79.834999
151.631241,67.559082,56.002846,77.066521
131.958954,71.760757,58.092209,77.191956
121.452103,78.207031,60.352329,77.449272
116.327347,87.116241,60.891380,78.374496
107.093430,98.493980,63.298790,80.039169
97.230270,107.962082,65.192192,82.115669
91.012260,106.603996,67.237503,82.301590
87.518814,105.447632,69.427933,84.164185
91.233788,119.800987,70.703293,87.522537
90.485146,125.498260,72.072815,86.685081
90.738403,129.781693,72.793106,87.042206
99.888977,128.319183,72.313484,87.211967
107.578125,119.740631,69.756676,86.824219
103.939407,111.838135,71.115257,85.901314
98.436890,108.026749,68.069191,84.206268
95.308830,96.051384,67.693497,82.771103
